(kicad_pcb (version 20171130) (host pcbnew 5.0.2+dfsg1-1)

  (general
    (thickness 1.6)
    (drawings 1)
    (tracks 65)
    (zones 0)
    (modules 21)
    (nets 21)
  )

  (page A4)
  (layers
    (0 F.Cu signal)
    (31 B.Cu power)
    (33 F.Adhes user)
    (35 F.Paste user)
    (37 F.SilkS user)
    (39 F.Mask user)
    (40 Dwgs.User user)
    (41 Cmts.User user)
    (42 Eco1.User user)
    (43 Eco2.User user)
    (44 Edge.Cuts user)
    (45 Margin user)
    (46 B.CrtYd user)
    (47 F.CrtYd user)
    (49 F.Fab user)
  )

  (setup
    (last_trace_width 0.4)
    (trace_clearance 0.2)
    (zone_clearance 0.3)
    (zone_45_only no)
    (trace_min 0.2)
    (segment_width 0.2)
    (edge_width 0.15)
    (via_size 0.8)
    (via_drill 0.4)
    (via_min_size 0.4)
    (via_min_drill 0.3)
    (uvia_size 0.3)
    (uvia_drill 0.1)
    (uvias_allowed no)
    (uvia_min_size 0.2)
    (uvia_min_drill 0.1)
    (pcb_text_width 0.3)
    (pcb_text_size 1.5 1.5)
    (mod_edge_width 0.15)
    (mod_text_size 1 1)
    (mod_text_width 0.15)
    (pad_size 1.524 1.524)
    (pad_drill 0.762)
    (pad_to_mask_clearance 0.051)
    (solder_mask_min_width 0.25)
    (aux_axis_origin 0 0)
    (grid_origin 143.184 83.246)
    (visible_elements FFFFFF7F)
    (pcbplotparams
      (layerselection 0x01000_fffffffe)
      (usegerberextensions true)
      (usegerberattributes true)
      (usegerberadvancedattributes false)
      (creategerberjobfile false)
      (gerberprecision 5)
      (excludeedgelayer true)
      (linewidth 0.100000)
      (plotframeref false)
      (viasonmask false)
      (mode 1)
      (useauxorigin false)
      (hpglpennumber 1)
      (hpglpenspeed 20)
      (hpglpendiameter 15.000000)
      (psnegative false)
      (psa4output false)
      (plotreference true)
      (plotvalue true)
      (plotinvisibletext false)
      (padsonsilk false)
      (subtractmaskfromsilk false)
      (outputformat 1)
      (mirror false)
      (drillshape 0)
      (scaleselection 1)
      (outputdirectory "GERBER/"))
  )

  (net 0 "")
  (net 1 GND)
  (net 2 "Net-(RV1-Pad2)")
  (net 3 "Net-(R5-Pad2)")
  (net 4 VCC)
  (net 5 "Net-(R2-Pad2)")
  (net 6 "Net-(R3-Pad1)")
  (net 7 "Net-(R4-Pad1)")
  (net 8 "Net-(RV2-Pad3)")
  (net 9 "Net-(C2-Pad2)")
  (net 10 "Net-(C3-Pad2)")
  (net 11 SENSOR_INPUT_B)
  (net 12 "Net-(R7-Pad1)")
  (net 13 "Net-(R6-Pad2)")
  (net 14 SENSOR_INPUT_A)
  (net 15 VOLTAGE_OUTPUT_B)
  (net 16 "Net-(RV4-Pad3)")
  (net 17 "Net-(RV3-Pad2)")
  (net 18 VOLTAGE_OUTPUT_A)
  (net 19 "Net-(R8-Pad1)")
  (net 20 "Net-(R9-Pad2)")

  (net_class Default "Ceci est la Netclass par défaut."
    (clearance 0.2)
    (trace_width 0.4)
    (via_dia 0.8)
    (via_drill 0.4)
    (uvia_dia 0.3)
    (uvia_drill 0.1)
    (add_net GND)
    (add_net "Net-(C2-Pad2)")
    (add_net "Net-(C3-Pad2)")
    (add_net "Net-(R2-Pad2)")
    (add_net "Net-(R3-Pad1)")
    (add_net "Net-(R4-Pad1)")
    (add_net "Net-(R5-Pad2)")
    (add_net "Net-(R6-Pad2)")
    (add_net "Net-(R7-Pad1)")
    (add_net "Net-(R8-Pad1)")
    (add_net "Net-(R9-Pad2)")
    (add_net "Net-(RV1-Pad2)")
    (add_net "Net-(RV2-Pad3)")
    (add_net "Net-(RV3-Pad2)")
    (add_net "Net-(RV4-Pad3)")
    (add_net SENSOR_INPUT_A)
    (add_net SENSOR_INPUT_B)
    (add_net VCC)
    (add_net VOLTAGE_OUTPUT_A)
    (add_net VOLTAGE_OUTPUT_B)
  )

  (module rSens:rSens_Pad_1x04 (layer F.Cu) (tedit 603631C8) (tstamp 60363583)
    (at 140.644 79.436)
    (descr "Wire solder connection")
    (tags connector)
    (path /6036460C)
    (attr virtual)
    (fp_text reference J3 (at 13.843 0 180) (layer F.SilkS)
      (effects (font (size 1 1) (thickness 0.15)))
    )
    (fp_text value Conn_01x04 (at 0 -3.429) (layer F.Fab)
      (effects (font (size 1 1) (thickness 0.15)))
    )
    (fp_text user %R (at 13.843 0) (layer F.Fab)
      (effects (font (size 1 1) (thickness 0.15)))
    )
    (fp_line (start -7.62 -2.54) (end 12.7 -2.54) (layer F.CrtYd) (width 0.05))
    (fp_line (start -7.62 -2.54) (end -7.62 2.54) (layer F.CrtYd) (width 0.05))
    (fp_line (start 12.7 2.54) (end 12.7 -2.54) (layer F.CrtYd) (width 0.05))
    (fp_line (start 12.7 2.54) (end -7.62 2.54) (layer F.CrtYd) (width 0.05))
    (pad 1 thru_hole oval (at -5.08 0) (size 4 4) (drill 2.54) (layers *.Cu *.Mask)
      (net 1 GND))
    (pad 2 thru_hole oval (at 0 0) (size 4 4) (drill 2.4) (layers *.Cu *.Mask)
      (net 15 VOLTAGE_OUTPUT_B))
    (pad 3 thru_hole oval (at 5.08 0) (size 4 4) (drill 2.54) (layers *.Cu *.Mask)
      (net 18 VOLTAGE_OUTPUT_A))
    (pad 4 thru_hole oval (at 10.16 0) (size 4 4) (drill 2.54) (layers *.Cu *.Mask)
      (net 4 VCC))
  )

  (module rSens:rSens_Pad_1x02 (layer F.Cu) (tedit 602FFB0C) (tstamp 603E8C80)
    (at 158.834 101.026 90)
    (descr "Wire solder connection")
    (tags connector)
    (path /603074C9)
    (attr virtual)
    (fp_text reference J2 (at 0 0 270) (layer F.SilkS)
      (effects (font (size 1 1) (thickness 0.15)))
    )
    (fp_text value Conn_01x02 (at 0.381 -3.302 90) (layer F.Fab)
      (effects (font (size 1 1) (thickness 0.15)))
    )
    (fp_text user %R (at 0 0 90) (layer F.Fab)
      (effects (font (size 1 1) (thickness 0.15)))
    )
    (fp_line (start -6.35 -2.54) (end 6.35 -2.54) (layer F.CrtYd) (width 0.05))
    (fp_line (start -6.35 -2.54) (end -6.35 2.54) (layer F.CrtYd) (width 0.05))
    (fp_line (start 6.35 2.54) (end 6.35 -2.54) (layer F.CrtYd) (width 0.05))
    (fp_line (start 6.35 2.54) (end -6.35 2.54) (layer F.CrtYd) (width 0.05))
    (pad 1 thru_hole oval (at -3.81 0 90) (size 4 4) (drill 2.54) (layers *.Cu *.Mask)
      (net 4 VCC))
    (pad 2 thru_hole oval (at 3.81 0 90) (size 4 4) (drill 2.54) (layers *.Cu *.Mask)
      (net 11 SENSOR_INPUT_B))
  )

  (module rSens:rSens_Pad_1x02 (layer F.Cu) (tedit 602FFB0C) (tstamp 603E861D)
    (at 127.834 101.026 90)
    (descr "Wire solder connection")
    (tags connector)
    (path /60302574)
    (attr virtual)
    (fp_text reference J1 (at 0 0 270) (layer F.SilkS)
      (effects (font (size 1 1) (thickness 0.15)))
    )
    (fp_text value Conn_01x02 (at 0.381 -3.302 90) (layer F.Fab)
      (effects (font (size 1 1) (thickness 0.15)))
    )
    (fp_text user %R (at 0 0 90) (layer F.Fab)
      (effects (font (size 1 1) (thickness 0.15)))
    )
    (fp_line (start -6.35 -2.54) (end 6.35 -2.54) (layer F.CrtYd) (width 0.05))
    (fp_line (start -6.35 -2.54) (end -6.35 2.54) (layer F.CrtYd) (width 0.05))
    (fp_line (start 6.35 2.54) (end 6.35 -2.54) (layer F.CrtYd) (width 0.05))
    (fp_line (start 6.35 2.54) (end -6.35 2.54) (layer F.CrtYd) (width 0.05))
    (pad 1 thru_hole oval (at -3.81 0 90) (size 4 4) (drill 2.54) (layers *.Cu *.Mask)
      (net 4 VCC))
    (pad 2 thru_hole oval (at 3.81 0 90) (size 4 4) (drill 2.54) (layers *.Cu *.Mask)
      (net 14 SENSOR_INPUT_A))
  )

  (module Resistor_SMD:R_0805_2012Metric_Pad1.20x1.40mm_HandSolder (layer F.Cu) (tedit 5F68FEEE) (tstamp 602FF3CA)
    (at 145.334 105.996)
    (descr "Resistor SMD 0805 (2012 Metric), square (rectangular) end terminal, IPC_7351 nominal with elongated pad for handsoldering. (Body size source: IPC-SM-782 page 72, https://www.pcb-3d.com/wordpress/wp-content/uploads/ipc-sm-782a_amendment_1_and_2.pdf), generated with kicad-footprint-generator")
    (tags "resistor handsolder")
    (path /5F68D6D2)
    (attr smd)
    (fp_text reference R6 (at 0 -1.5) (layer F.SilkS)
      (effects (font (size 1 1) (thickness 0.15)))
    )
    (fp_text value 10K (at 0 -1) (layer F.Fab)
      (effects (font (size 1 1) (thickness 0.15)))
    )
    (fp_line (start -1 0.625) (end -1 -0.625) (layer F.Fab) (width 0.1))
    (fp_line (start -1 -0.625) (end 1 -0.625) (layer F.Fab) (width 0.1))
    (fp_line (start 1 -0.625) (end 1 0.625) (layer F.Fab) (width 0.1))
    (fp_line (start 1 0.625) (end -1 0.625) (layer F.Fab) (width 0.1))
    (fp_line (start -0.227064 -0.735) (end 0.227064 -0.735) (layer F.SilkS) (width 0.12))
    (fp_line (start -0.227064 0.735) (end 0.227064 0.735) (layer F.SilkS) (width 0.12))
    (fp_line (start -1.85 0.95) (end -1.85 -0.95) (layer F.CrtYd) (width 0.05))
    (fp_line (start -1.85 -0.95) (end 1.85 -0.95) (layer F.CrtYd) (width 0.05))
    (fp_line (start 1.85 -0.95) (end 1.85 0.95) (layer F.CrtYd) (width 0.05))
    (fp_line (start 1.85 0.95) (end -1.85 0.95) (layer F.CrtYd) (width 0.05))
    (fp_text user %R (at 0 0) (layer F.Fab)
      (effects (font (size 0.5 0.5) (thickness 0.08)))
    )
    (pad 1 smd roundrect (at -1 0) (size 1.2 1.4) (layers F.Cu F.Paste F.Mask) (roundrect_rratio 0.208333)
      (net 4 VCC))
    (pad 2 smd roundrect (at 1 0) (size 1.2 1.4) (layers F.Cu F.Paste F.Mask) (roundrect_rratio 0.208333)
      (net 13 "Net-(R6-Pad2)"))
    (model ${KISYS3DMOD}/Resistor_SMD.3dshapes/R_0805_2012Metric.wrl
      (at (xyz 0 0 0))
      (scale (xyz 1 1 1))
      (rotate (xyz 0 0 0))
    )
  )

  (module Resistor_SMD:R_0805_2012Metric_Pad1.20x1.40mm_HandSolder (layer F.Cu) (tedit 60300153) (tstamp 602FF39A)
    (at 151.334 94.996)
    (descr "Resistor SMD 0805 (2012 Metric), square (rectangular) end terminal, IPC_7351 nominal with elongated pad for handsoldering. (Body size source: IPC-SM-782 page 72, https://www.pcb-3d.com/wordpress/wp-content/uploads/ipc-sm-782a_amendment_1_and_2.pdf), generated with kicad-footprint-generator")
    (tags "resistor handsolder")
    (path /5F68D6B9)
    (attr smd)
    (fp_text reference R8 (at 3.28 0) (layer F.SilkS)
      (effects (font (size 1 1) (thickness 0.15)))
    )
    (fp_text value 10K (at 0 1.65) (layer F.Fab)
      (effects (font (size 1 1) (thickness 0.15)))
    )
    (fp_text user %R (at 0 0) (layer F.Fab)
      (effects (font (size 0.5 0.5) (thickness 0.08)))
    )
    (fp_line (start 1.85 0.95) (end -1.85 0.95) (layer F.CrtYd) (width 0.05))
    (fp_line (start 1.85 -0.95) (end 1.85 0.95) (layer F.CrtYd) (width 0.05))
    (fp_line (start -1.85 -0.95) (end 1.85 -0.95) (layer F.CrtYd) (width 0.05))
    (fp_line (start -1.85 0.95) (end -1.85 -0.95) (layer F.CrtYd) (width 0.05))
    (fp_line (start -0.227064 0.735) (end 0.227064 0.735) (layer F.SilkS) (width 0.12))
    (fp_line (start -0.227064 -0.735) (end 0.227064 -0.735) (layer F.SilkS) (width 0.12))
    (fp_line (start 1 0.625) (end -1 0.625) (layer F.Fab) (width 0.1))
    (fp_line (start 1 -0.625) (end 1 0.625) (layer F.Fab) (width 0.1))
    (fp_line (start -1 -0.625) (end 1 -0.625) (layer F.Fab) (width 0.1))
    (fp_line (start -1 0.625) (end -1 -0.625) (layer F.Fab) (width 0.1))
    (pad 2 smd roundrect (at 1 0) (size 1.2 1.4) (layers F.Cu F.Paste F.Mask) (roundrect_rratio 0.208333)
      (net 10 "Net-(C3-Pad2)"))
    (pad 1 smd roundrect (at -1 0) (size 1.2 1.4) (layers F.Cu F.Paste F.Mask) (roundrect_rratio 0.208333)
      (net 19 "Net-(R8-Pad1)"))
    (model ${KISYS3DMOD}/Resistor_SMD.3dshapes/R_0805_2012Metric.wrl
      (at (xyz 0 0 0))
      (scale (xyz 1 1 1))
      (rotate (xyz 0 0 0))
    )
  )

  (module Resistor_SMD:R_0805_2012Metric_Pad1.20x1.40mm_HandSolder (layer F.Cu) (tedit 6030015F) (tstamp 602FF38A)
    (at 151.334 96.996 180)
    (descr "Resistor SMD 0805 (2012 Metric), square (rectangular) end terminal, IPC_7351 nominal with elongated pad for handsoldering. (Body size source: IPC-SM-782 page 72, https://www.pcb-3d.com/wordpress/wp-content/uploads/ipc-sm-782a_amendment_1_and_2.pdf), generated with kicad-footprint-generator")
    (tags "resistor handsolder")
    (path /5F68D6AA)
    (attr smd)
    (fp_text reference R9 (at -3.28 0 180) (layer F.SilkS)
      (effects (font (size 1 1) (thickness 0.15)))
    )
    (fp_text value 10K (at 0 1.65 180) (layer F.Fab)
      (effects (font (size 1 1) (thickness 0.15)))
    )
    (fp_line (start -1 0.625) (end -1 -0.625) (layer F.Fab) (width 0.1))
    (fp_line (start -1 -0.625) (end 1 -0.625) (layer F.Fab) (width 0.1))
    (fp_line (start 1 -0.625) (end 1 0.625) (layer F.Fab) (width 0.1))
    (fp_line (start 1 0.625) (end -1 0.625) (layer F.Fab) (width 0.1))
    (fp_line (start -0.227064 -0.735) (end 0.227064 -0.735) (layer F.SilkS) (width 0.12))
    (fp_line (start -0.227064 0.735) (end 0.227064 0.735) (layer F.SilkS) (width 0.12))
    (fp_line (start -1.85 0.95) (end -1.85 -0.95) (layer F.CrtYd) (width 0.05))
    (fp_line (start -1.85 -0.95) (end 1.85 -0.95) (layer F.CrtYd) (width 0.05))
    (fp_line (start 1.85 -0.95) (end 1.85 0.95) (layer F.CrtYd) (width 0.05))
    (fp_line (start 1.85 0.95) (end -1.85 0.95) (layer F.CrtYd) (width 0.05))
    (fp_text user %R (at 0 0 180) (layer F.Fab)
      (effects (font (size 0.5 0.5) (thickness 0.08)))
    )
    (pad 1 smd roundrect (at -1 0 180) (size 1.2 1.4) (layers F.Cu F.Paste F.Mask) (roundrect_rratio 0.208333)
      (net 10 "Net-(C3-Pad2)"))
    (pad 2 smd roundrect (at 1 0 180) (size 1.2 1.4) (layers F.Cu F.Paste F.Mask) (roundrect_rratio 0.208333)
      (net 20 "Net-(R9-Pad2)"))
    (model ${KISYS3DMOD}/Resistor_SMD.3dshapes/R_0805_2012Metric.wrl
      (at (xyz 0 0 0))
      (scale (xyz 1 1 1))
      (rotate (xyz 0 0 0))
    )
  )

  (module Resistor_THT:R_Axial_DIN0309_L9.0mm_D3.2mm_P12.70mm_Horizontal (layer F.Cu) (tedit 6030022B) (tstamp 602FF348)
    (at 145.334 96.581 90)
    (descr "Resistor, Axial_DIN0309 series, Axial, Horizontal, pin pitch=12.7mm, 0.5W = 1/2W, length*diameter=9*3.2mm^2, http://cdn-reichelt.de/documents/datenblatt/B400/1_4W%23YAG.pdf")
    (tags "Resistor Axial_DIN0309 series Axial Horizontal pin pitch 12.7mm 0.5W = 1/2W length 9mm diameter 3.2mm")
    (path /5F68D6E1)
    (fp_text reference R10 (at 6.35 0 90) (layer F.SilkS)
      (effects (font (size 1 1) (thickness 0.15)))
    )
    (fp_text value 10K (at 9 0 90) (layer F.Fab)
      (effects (font (size 1 1) (thickness 0.15)))
    )
    (fp_line (start 1.85 -1.6) (end 1.85 1.6) (layer F.Fab) (width 0.1))
    (fp_line (start 1.85 1.6) (end 10.85 1.6) (layer F.Fab) (width 0.1))
    (fp_line (start 10.85 1.6) (end 10.85 -1.6) (layer F.Fab) (width 0.1))
    (fp_line (start 10.85 -1.6) (end 1.85 -1.6) (layer F.Fab) (width 0.1))
    (fp_line (start 0 0) (end 1.85 0) (layer F.Fab) (width 0.1))
    (fp_line (start 12.7 0) (end 10.85 0) (layer F.Fab) (width 0.1))
    (fp_line (start 1.73 -1.72) (end 1.73 1.72) (layer F.SilkS) (width 0.12))
    (fp_line (start 1.73 1.72) (end 10.97 1.72) (layer F.SilkS) (width 0.12))
    (fp_line (start 10.97 1.72) (end 10.97 -1.72) (layer F.SilkS) (width 0.12))
    (fp_line (start 10.97 -1.72) (end 1.73 -1.72) (layer F.SilkS) (width 0.12))
    (fp_line (start 1.04 0) (end 1.73 0) (layer F.SilkS) (width 0.12))
    (fp_line (start 11.66 0) (end 10.97 0) (layer F.SilkS) (width 0.12))
    (fp_line (start -1.05 -1.85) (end -1.05 1.85) (layer F.CrtYd) (width 0.05))
    (fp_line (start -1.05 1.85) (end 13.75 1.85) (layer F.CrtYd) (width 0.05))
    (fp_line (start 13.75 1.85) (end 13.75 -1.85) (layer F.CrtYd) (width 0.05))
    (fp_line (start 13.75 -1.85) (end -1.05 -1.85) (layer F.CrtYd) (width 0.05))
    (fp_text user %R (at 6.35 0 90) (layer F.Fab)
      (effects (font (size 1 1) (thickness 0.15)))
    )
    (pad 1 thru_hole circle (at 0 0 90) (size 1.6 1.6) (drill 0.8) (layers *.Cu *.Mask)
      (net 11 SENSOR_INPUT_B))
    (pad 2 thru_hole oval (at 12.7 0 90) (size 1.6 1.6) (drill 0.8) (layers *.Cu *.Mask)
      (net 1 GND))
    (model ${KISYS3DMOD}/Resistor_THT.3dshapes/R_Axial_DIN0309_L9.0mm_D3.2mm_P12.70mm_Horizontal.wrl
      (at (xyz 0 0 0))
      (scale (xyz 1 1 1))
      (rotate (xyz 0 0 0))
    )
  )

  (module Resistor_THT:R_Axial_DIN0309_L9.0mm_D3.2mm_P12.70mm_Horizontal (layer F.Cu) (tedit 5AE5139B) (tstamp 60308284)
    (at 141.334 96.581 90)
    (descr "Resistor, Axial_DIN0309 series, Axial, Horizontal, pin pitch=12.7mm, 0.5W = 1/2W, length*diameter=9*3.2mm^2, http://cdn-reichelt.de/documents/datenblatt/B400/1_4W%23YAG.pdf")
    (tags "Resistor Axial_DIN0309 series Axial Horizontal pin pitch 12.7mm 0.5W = 1/2W length 9mm diameter 3.2mm")
    (path /5F7004A5)
    (fp_text reference R1 (at 6.35 0 90) (layer F.SilkS)
      (effects (font (size 1 1) (thickness 0.15)))
    )
    (fp_text value 10K (at 9 0 90) (layer F.Fab)
      (effects (font (size 1 1) (thickness 0.15)))
    )
    (fp_line (start 1.85 -1.6) (end 1.85 1.6) (layer F.Fab) (width 0.1))
    (fp_line (start 1.85 1.6) (end 10.85 1.6) (layer F.Fab) (width 0.1))
    (fp_line (start 10.85 1.6) (end 10.85 -1.6) (layer F.Fab) (width 0.1))
    (fp_line (start 10.85 -1.6) (end 1.85 -1.6) (layer F.Fab) (width 0.1))
    (fp_line (start 0 0) (end 1.85 0) (layer F.Fab) (width 0.1))
    (fp_line (start 12.7 0) (end 10.85 0) (layer F.Fab) (width 0.1))
    (fp_line (start 1.73 -1.72) (end 1.73 1.72) (layer F.SilkS) (width 0.12))
    (fp_line (start 1.73 1.72) (end 10.97 1.72) (layer F.SilkS) (width 0.12))
    (fp_line (start 10.97 1.72) (end 10.97 -1.72) (layer F.SilkS) (width 0.12))
    (fp_line (start 10.97 -1.72) (end 1.73 -1.72) (layer F.SilkS) (width 0.12))
    (fp_line (start 1.04 0) (end 1.73 0) (layer F.SilkS) (width 0.12))
    (fp_line (start 11.66 0) (end 10.97 0) (layer F.SilkS) (width 0.12))
    (fp_line (start -1.05 -1.85) (end -1.05 1.85) (layer F.CrtYd) (width 0.05))
    (fp_line (start -1.05 1.85) (end 13.75 1.85) (layer F.CrtYd) (width 0.05))
    (fp_line (start 13.75 1.85) (end 13.75 -1.85) (layer F.CrtYd) (width 0.05))
    (fp_line (start 13.75 -1.85) (end -1.05 -1.85) (layer F.CrtYd) (width 0.05))
    (fp_text user %R (at 6.35 0 90) (layer F.Fab)
      (effects (font (size 1 1) (thickness 0.15)))
    )
    (pad 1 thru_hole circle (at 0 0 90) (size 1.6 1.6) (drill 0.8) (layers *.Cu *.Mask)
      (net 14 SENSOR_INPUT_A))
    (pad 2 thru_hole oval (at 12.7 0 90) (size 1.6 1.6) (drill 0.8) (layers *.Cu *.Mask)
      (net 1 GND))
    (model ${KISYS3DMOD}/Resistor_THT.3dshapes/R_Axial_DIN0309_L9.0mm_D3.2mm_P12.70mm_Horizontal.wrl
      (at (xyz 0 0 0))
      (scale (xyz 1 1 1))
      (rotate (xyz 0 0 0))
    )
  )

  (module Resistor_SMD:R_0805_2012Metric_Pad1.20x1.40mm_HandSolder (layer F.Cu) (tedit 5F68FEEE) (tstamp 603030E3)
    (at 150.334 105.996 180)
    (descr "Resistor SMD 0805 (2012 Metric), square (rectangular) end terminal, IPC_7351 nominal with elongated pad for handsoldering. (Body size source: IPC-SM-782 page 72, https://www.pcb-3d.com/wordpress/wp-content/uploads/ipc-sm-782a_amendment_1_and_2.pdf), generated with kicad-footprint-generator")
    (tags "resistor handsolder")
    (path /5F68D6D9)
    (attr smd)
    (fp_text reference R7 (at 0 1.5 180) (layer F.SilkS)
      (effects (font (size 1 1) (thickness 0.15)))
    )
    (fp_text value 10K (at 0 1.65 180) (layer F.Fab)
      (effects (font (size 1 1) (thickness 0.15)))
    )
    (fp_line (start -1 0.625) (end -1 -0.625) (layer F.Fab) (width 0.1))
    (fp_line (start -1 -0.625) (end 1 -0.625) (layer F.Fab) (width 0.1))
    (fp_line (start 1 -0.625) (end 1 0.625) (layer F.Fab) (width 0.1))
    (fp_line (start 1 0.625) (end -1 0.625) (layer F.Fab) (width 0.1))
    (fp_line (start -0.227064 -0.735) (end 0.227064 -0.735) (layer F.SilkS) (width 0.12))
    (fp_line (start -0.227064 0.735) (end 0.227064 0.735) (layer F.SilkS) (width 0.12))
    (fp_line (start -1.85 0.95) (end -1.85 -0.95) (layer F.CrtYd) (width 0.05))
    (fp_line (start -1.85 -0.95) (end 1.85 -0.95) (layer F.CrtYd) (width 0.05))
    (fp_line (start 1.85 -0.95) (end 1.85 0.95) (layer F.CrtYd) (width 0.05))
    (fp_line (start 1.85 0.95) (end -1.85 0.95) (layer F.CrtYd) (width 0.05))
    (fp_text user %R (at 0 0 180) (layer F.Fab)
      (effects (font (size 0.5 0.5) (thickness 0.08)))
    )
    (pad 1 smd roundrect (at -1 0 180) (size 1.2 1.4) (layers F.Cu F.Paste F.Mask) (roundrect_rratio 0.208333)
      (net 12 "Net-(R7-Pad1)"))
    (pad 2 smd roundrect (at 1 0 180) (size 1.2 1.4) (layers F.Cu F.Paste F.Mask) (roundrect_rratio 0.208333)
      (net 1 GND))
    (model ${KISYS3DMOD}/Resistor_SMD.3dshapes/R_0805_2012Metric.wrl
      (at (xyz 0 0 0))
      (scale (xyz 1 1 1))
      (rotate (xyz 0 0 0))
    )
  )

  (module Capacitor_SMD:C_0805_2012Metric_Pad1.18x1.45mm_HandSolder (layer F.Cu) (tedit 5F68FEEF) (tstamp 60300053)
    (at 135.334 92.996)
    (descr "Capacitor SMD 0805 (2012 Metric), square (rectangular) end terminal, IPC_7351 nominal with elongated pad for handsoldering. (Body size source: IPC-SM-782 page 76, https://www.pcb-3d.com/wordpress/wp-content/uploads/ipc-sm-782a_amendment_1_and_2.pdf, https://docs.google.com/spreadsheets/d/1BsfQQcO9C6DZCsRaXUlFlo91Tg2WpOkGARC1WS5S8t0/edit?usp=sharing), generated with kicad-footprint-generator")
    (tags "capacitor handsolder")
    (path /5F62144A)
    (attr smd)
    (fp_text reference C2 (at -2.945 0) (layer F.SilkS)
      (effects (font (size 1 1) (thickness 0.15)))
    )
    (fp_text value 100N (at 3.405 0) (layer F.Fab)
      (effects (font (size 1 1) (thickness 0.15)))
    )
    (fp_text user %R (at 0 0) (layer F.Fab)
      (effects (font (size 0.5 0.5) (thickness 0.08)))
    )
    (fp_line (start 1.88 0.98) (end -1.88 0.98) (layer F.CrtYd) (width 0.05))
    (fp_line (start 1.88 -0.98) (end 1.88 0.98) (layer F.CrtYd) (width 0.05))
    (fp_line (start -1.88 -0.98) (end 1.88 -0.98) (layer F.CrtYd) (width 0.05))
    (fp_line (start -1.88 0.98) (end -1.88 -0.98) (layer F.CrtYd) (width 0.05))
    (fp_line (start -0.261252 0.735) (end 0.261252 0.735) (layer F.SilkS) (width 0.12))
    (fp_line (start -0.261252 -0.735) (end 0.261252 -0.735) (layer F.SilkS) (width 0.12))
    (fp_line (start 1 0.625) (end -1 0.625) (layer F.Fab) (width 0.1))
    (fp_line (start 1 -0.625) (end 1 0.625) (layer F.Fab) (width 0.1))
    (fp_line (start -1 -0.625) (end 1 -0.625) (layer F.Fab) (width 0.1))
    (fp_line (start -1 0.625) (end -1 -0.625) (layer F.Fab) (width 0.1))
    (pad 2 smd roundrect (at 1.0375 0) (size 1.175 1.45) (layers F.Cu F.Paste F.Mask) (roundrect_rratio 0.212766)
      (net 9 "Net-(C2-Pad2)"))
    (pad 1 smd roundrect (at -1.0375 0) (size 1.175 1.45) (layers F.Cu F.Paste F.Mask) (roundrect_rratio 0.212766)
      (net 18 VOLTAGE_OUTPUT_A))
    (model ${KISYS3DMOD}/Capacitor_SMD.3dshapes/C_0805_2012Metric.wrl
      (at (xyz 0 0 0))
      (scale (xyz 1 1 1))
      (rotate (xyz 0 0 0))
    )
  )

  (module Capacitor_SMD:C_0805_2012Metric_Pad1.18x1.45mm_HandSolder (layer F.Cu) (tedit 5F68FEEF) (tstamp 60300043)
    (at 151.2965 92.996)
    (descr "Capacitor SMD 0805 (2012 Metric), square (rectangular) end terminal, IPC_7351 nominal with elongated pad for handsoldering. (Body size source: IPC-SM-782 page 76, https://www.pcb-3d.com/wordpress/wp-content/uploads/ipc-sm-782a_amendment_1_and_2.pdf, https://docs.google.com/spreadsheets/d/1BsfQQcO9C6DZCsRaXUlFlo91Tg2WpOkGARC1WS5S8t0/edit?usp=sharing), generated with kicad-footprint-generator")
    (tags "capacitor handsolder")
    (path /5F68D700)
    (attr smd)
    (fp_text reference C3 (at 3.3175 0) (layer F.SilkS)
      (effects (font (size 1 1) (thickness 0.15)))
    )
    (fp_text value 100N (at 0 1.68) (layer F.Fab)
      (effects (font (size 1 1) (thickness 0.15)))
    )
    (fp_line (start -1 0.625) (end -1 -0.625) (layer F.Fab) (width 0.1))
    (fp_line (start -1 -0.625) (end 1 -0.625) (layer F.Fab) (width 0.1))
    (fp_line (start 1 -0.625) (end 1 0.625) (layer F.Fab) (width 0.1))
    (fp_line (start 1 0.625) (end -1 0.625) (layer F.Fab) (width 0.1))
    (fp_line (start -0.261252 -0.735) (end 0.261252 -0.735) (layer F.SilkS) (width 0.12))
    (fp_line (start -0.261252 0.735) (end 0.261252 0.735) (layer F.SilkS) (width 0.12))
    (fp_line (start -1.88 0.98) (end -1.88 -0.98) (layer F.CrtYd) (width 0.05))
    (fp_line (start -1.88 -0.98) (end 1.88 -0.98) (layer F.CrtYd) (width 0.05))
    (fp_line (start 1.88 -0.98) (end 1.88 0.98) (layer F.CrtYd) (width 0.05))
    (fp_line (start 1.88 0.98) (end -1.88 0.98) (layer F.CrtYd) (width 0.05))
    (fp_text user %R (at 0 0) (layer F.Fab)
      (effects (font (size 0.5 0.5) (thickness 0.08)))
    )
    (pad 1 smd roundrect (at -1.0375 0) (size 1.175 1.45) (layers F.Cu F.Paste F.Mask) (roundrect_rratio 0.212766)
      (net 15 VOLTAGE_OUTPUT_B))
    (pad 2 smd roundrect (at 1.0375 0) (size 1.175 1.45) (layers F.Cu F.Paste F.Mask) (roundrect_rratio 0.212766)
      (net 10 "Net-(C3-Pad2)"))
    (model ${KISYS3DMOD}/Capacitor_SMD.3dshapes/C_0805_2012Metric.wrl
      (at (xyz 0 0 0))
      (scale (xyz 1 1 1))
      (rotate (xyz 0 0 0))
    )
  )

  (module Capacitor_SMD:C_0805_2012Metric_Pad1.18x1.45mm_HandSolder (layer F.Cu) (tedit 5F68FEEF) (tstamp 602FF9A1)
    (at 151.439 83.881 180)
    (descr "Capacitor SMD 0805 (2012 Metric), square (rectangular) end terminal, IPC_7351 nominal with elongated pad for handsoldering. (Body size source: IPC-SM-782 page 76, https://www.pcb-3d.com/wordpress/wp-content/uploads/ipc-sm-782a_amendment_1_and_2.pdf, https://docs.google.com/spreadsheets/d/1BsfQQcO9C6DZCsRaXUlFlo91Tg2WpOkGARC1WS5S8t0/edit?usp=sharing), generated with kicad-footprint-generator")
    (tags "capacitor handsolder")
    (path /5F717555)
    (attr smd)
    (fp_text reference C1 (at -3.175 0 180) (layer F.SilkS)
      (effects (font (size 1 1) (thickness 0.15)))
    )
    (fp_text value 100N (at 0 1.68 180) (layer F.Fab)
      (effects (font (size 1 1) (thickness 0.15)))
    )
    (fp_line (start -1 0.625) (end -1 -0.625) (layer F.Fab) (width 0.1))
    (fp_line (start -1 -0.625) (end 1 -0.625) (layer F.Fab) (width 0.1))
    (fp_line (start 1 -0.625) (end 1 0.625) (layer F.Fab) (width 0.1))
    (fp_line (start 1 0.625) (end -1 0.625) (layer F.Fab) (width 0.1))
    (fp_line (start -0.261252 -0.735) (end 0.261252 -0.735) (layer F.SilkS) (width 0.12))
    (fp_line (start -0.261252 0.735) (end 0.261252 0.735) (layer F.SilkS) (width 0.12))
    (fp_line (start -1.88 0.98) (end -1.88 -0.98) (layer F.CrtYd) (width 0.05))
    (fp_line (start -1.88 -0.98) (end 1.88 -0.98) (layer F.CrtYd) (width 0.05))
    (fp_line (start 1.88 -0.98) (end 1.88 0.98) (layer F.CrtYd) (width 0.05))
    (fp_line (start 1.88 0.98) (end -1.88 0.98) (layer F.CrtYd) (width 0.05))
    (fp_text user %R (at 0 0 180) (layer F.Fab)
      (effects (font (size 0.5 0.5) (thickness 0.08)))
    )
    (pad 1 smd roundrect (at -1.0375 0 180) (size 1.175 1.45) (layers F.Cu F.Paste F.Mask) (roundrect_rratio 0.212766)
      (net 4 VCC))
    (pad 2 smd roundrect (at 1.0375 0 180) (size 1.175 1.45) (layers F.Cu F.Paste F.Mask) (roundrect_rratio 0.212766)
      (net 1 GND))
    (model ${KISYS3DMOD}/Capacitor_SMD.3dshapes/C_0805_2012Metric.wrl
      (at (xyz 0 0 0))
      (scale (xyz 1 1 1))
      (rotate (xyz 0 0 0))
    )
  )

  (module Potentiometer_SMD:Potentiometer_Vishay_TS53YJ_Vertical (layer F.Cu) (tedit 5A3D7171) (tstamp 602FE561)
    (at 135.334 88.326 180)
    (descr "Potentiometer, vertical, Vishay TS53YJ, https://www.vishay.com/docs/51008/ts53.pdf")
    (tags "Potentiometer vertical Vishay TS53YJ")
    (path /5F6FCEBE)
    (attr smd)
    (fp_text reference RV2 (at 4 0 90) (layer F.SilkS)
      (effects (font (size 1 1) (thickness 0.15)))
    )
    (fp_text value 100K (at 4 1 270) (layer F.Fab)
      (effects (font (size 1 1) (thickness 0.15)))
    )
    (fp_circle (center 0 0) (end 1.15 0) (layer F.Fab) (width 0.1))
    (fp_line (start -2.5 -2.5) (end -2.5 2.5) (layer F.Fab) (width 0.1))
    (fp_line (start -2.5 2.5) (end 2.5 2.5) (layer F.Fab) (width 0.1))
    (fp_line (start 2.5 2.5) (end 2.5 -2.5) (layer F.Fab) (width 0.1))
    (fp_line (start 2.5 -2.5) (end -2.5 -2.5) (layer F.Fab) (width 0.1))
    (fp_line (start -0.92 -0.058) (end -0.058 -0.058) (layer F.Fab) (width 0.1))
    (fp_line (start -0.058 -0.058) (end -0.058 -0.92) (layer F.Fab) (width 0.1))
    (fp_line (start -0.058 -0.92) (end 0.058 -0.92) (layer F.Fab) (width 0.1))
    (fp_line (start 0.058 -0.92) (end 0.058 -0.058) (layer F.Fab) (width 0.1))
    (fp_line (start 0.058 -0.058) (end 0.92 -0.058) (layer F.Fab) (width 0.1))
    (fp_line (start 0.92 -0.058) (end 0.92 0.058) (layer F.Fab) (width 0.1))
    (fp_line (start 0.92 0.058) (end 0.058 0.058) (layer F.Fab) (width 0.1))
    (fp_line (start 0.058 0.058) (end 0.058 0.92) (layer F.Fab) (width 0.1))
    (fp_line (start 0.058 0.92) (end -0.058 0.92) (layer F.Fab) (width 0.1))
    (fp_line (start -0.058 0.92) (end -0.058 0.058) (layer F.Fab) (width 0.1))
    (fp_line (start -0.058 0.058) (end -0.92 0.058) (layer F.Fab) (width 0.1))
    (fp_line (start -0.92 0.058) (end -0.92 -0.058) (layer F.Fab) (width 0.1))
    (fp_line (start -2.62 -2.62) (end 2.62 -2.62) (layer F.SilkS) (width 0.12))
    (fp_line (start -2.62 2.62) (end 2.62 2.62) (layer F.SilkS) (width 0.12))
    (fp_line (start -2.62 -2.62) (end -2.62 -1.24) (layer F.SilkS) (width 0.12))
    (fp_line (start -2.62 1.24) (end -2.62 2.62) (layer F.SilkS) (width 0.12))
    (fp_line (start 2.62 -2.62) (end 2.62 -2.039) (layer F.SilkS) (width 0.12))
    (fp_line (start 2.62 -0.26) (end 2.62 0.26) (layer F.SilkS) (width 0.12))
    (fp_line (start 2.62 2.04) (end 2.62 2.62) (layer F.SilkS) (width 0.12))
    (fp_line (start -3.25 -2.75) (end -3.25 2.75) (layer F.CrtYd) (width 0.05))
    (fp_line (start -3.25 2.75) (end 3.25 2.75) (layer F.CrtYd) (width 0.05))
    (fp_line (start 3.25 2.75) (end 3.25 -2.75) (layer F.CrtYd) (width 0.05))
    (fp_line (start 3.25 -2.75) (end -3.25 -2.75) (layer F.CrtYd) (width 0.05))
    (fp_text user %R (at 0 -2 180) (layer F.Fab)
      (effects (font (size 0.68 0.68) (thickness 0.15)))
    )
    (pad 1 smd rect (at 2 -1.15 180) (size 2 1.3) (layers F.Cu F.Paste F.Mask)
      (net 7 "Net-(R4-Pad1)"))
    (pad 2 smd rect (at -2 0 180) (size 2 2) (layers F.Cu F.Paste F.Mask)
      (net 18 VOLTAGE_OUTPUT_A))
    (pad 3 smd rect (at 2 1.15 180) (size 2 1.3) (layers F.Cu F.Paste F.Mask)
      (net 8 "Net-(RV2-Pad3)"))
    (model ${KISYS3DMOD}/Potentiometer_SMD.3dshapes/Potentiometer_Vishay_TS53YJ_Vertical.wrl
      (at (xyz 0 0 0))
      (scale (xyz 1 1 1))
      (rotate (xyz 0 0 0))
    )
  )

  (module Potentiometer_SMD:Potentiometer_Vishay_TS53YJ_Vertical (layer F.Cu) (tedit 5A3D7171) (tstamp 602FDF78)
    (at 135.334 100.996 180)
    (descr "Potentiometer, vertical, Vishay TS53YJ, https://www.vishay.com/docs/51008/ts53.pdf")
    (tags "Potentiometer vertical Vishay TS53YJ")
    (path /5F6FE59C)
    (attr smd)
    (fp_text reference RV1 (at 4 0 90) (layer F.SilkS)
      (effects (font (size 1 1) (thickness 0.15)))
    )
    (fp_text value 100K (at 4 1 270) (layer F.Fab)
      (effects (font (size 1 1) (thickness 0.15)))
    )
    (fp_circle (center 0 0) (end 1.15 0) (layer F.Fab) (width 0.1))
    (fp_line (start -2.5 -2.5) (end -2.5 2.5) (layer F.Fab) (width 0.1))
    (fp_line (start -2.5 2.5) (end 2.5 2.5) (layer F.Fab) (width 0.1))
    (fp_line (start 2.5 2.5) (end 2.5 -2.5) (layer F.Fab) (width 0.1))
    (fp_line (start 2.5 -2.5) (end -2.5 -2.5) (layer F.Fab) (width 0.1))
    (fp_line (start -0.92 -0.058) (end -0.058 -0.058) (layer F.Fab) (width 0.1))
    (fp_line (start -0.058 -0.058) (end -0.058 -0.92) (layer F.Fab) (width 0.1))
    (fp_line (start -0.058 -0.92) (end 0.058 -0.92) (layer F.Fab) (width 0.1))
    (fp_line (start 0.058 -0.92) (end 0.058 -0.058) (layer F.Fab) (width 0.1))
    (fp_line (start 0.058 -0.058) (end 0.92 -0.058) (layer F.Fab) (width 0.1))
    (fp_line (start 0.92 -0.058) (end 0.92 0.058) (layer F.Fab) (width 0.1))
    (fp_line (start 0.92 0.058) (end 0.058 0.058) (layer F.Fab) (width 0.1))
    (fp_line (start 0.058 0.058) (end 0.058 0.92) (layer F.Fab) (width 0.1))
    (fp_line (start 0.058 0.92) (end -0.058 0.92) (layer F.Fab) (width 0.1))
    (fp_line (start -0.058 0.92) (end -0.058 0.058) (layer F.Fab) (width 0.1))
    (fp_line (start -0.058 0.058) (end -0.92 0.058) (layer F.Fab) (width 0.1))
    (fp_line (start -0.92 0.058) (end -0.92 -0.058) (layer F.Fab) (width 0.1))
    (fp_line (start -2.62 -2.62) (end 2.62 -2.62) (layer F.SilkS) (width 0.12))
    (fp_line (start -2.62 2.62) (end 2.62 2.62) (layer F.SilkS) (width 0.12))
    (fp_line (start -2.62 -2.62) (end -2.62 -1.24) (layer F.SilkS) (width 0.12))
    (fp_line (start -2.62 1.24) (end -2.62 2.62) (layer F.SilkS) (width 0.12))
    (fp_line (start 2.62 -2.62) (end 2.62 -2.039) (layer F.SilkS) (width 0.12))
    (fp_line (start 2.62 -0.26) (end 2.62 0.26) (layer F.SilkS) (width 0.12))
    (fp_line (start 2.62 2.04) (end 2.62 2.62) (layer F.SilkS) (width 0.12))
    (fp_line (start -3.25 -2.75) (end -3.25 2.75) (layer F.CrtYd) (width 0.05))
    (fp_line (start -3.25 2.75) (end 3.25 2.75) (layer F.CrtYd) (width 0.05))
    (fp_line (start 3.25 2.75) (end 3.25 -2.75) (layer F.CrtYd) (width 0.05))
    (fp_line (start 3.25 -2.75) (end -3.25 -2.75) (layer F.CrtYd) (width 0.05))
    (fp_text user %R (at 0 -2 180) (layer F.Fab)
      (effects (font (size 0.68 0.68) (thickness 0.15)))
    )
    (pad 1 smd rect (at 2 -1.15 180) (size 2 1.3) (layers F.Cu F.Paste F.Mask)
      (net 5 "Net-(R2-Pad2)"))
    (pad 2 smd rect (at -2 0 180) (size 2 2) (layers F.Cu F.Paste F.Mask)
      (net 2 "Net-(RV1-Pad2)"))
    (pad 3 smd rect (at 2 1.15 180) (size 2 1.3) (layers F.Cu F.Paste F.Mask)
      (net 6 "Net-(R3-Pad1)"))
    (model ${KISYS3DMOD}/Potentiometer_SMD.3dshapes/Potentiometer_Vishay_TS53YJ_Vertical.wrl
      (at (xyz 0 0 0))
      (scale (xyz 1 1 1))
      (rotate (xyz 0 0 0))
    )
  )

  (module Resistor_SMD:R_0805_2012Metric_Pad1.20x1.40mm_HandSolder (layer F.Cu) (tedit 5F68FEEE) (tstamp 602FBAA5)
    (at 135.334 96.996 180)
    (descr "Resistor SMD 0805 (2012 Metric), square (rectangular) end terminal, IPC_7351 nominal with elongated pad for handsoldering. (Body size source: IPC-SM-782 page 72, https://www.pcb-3d.com/wordpress/wp-content/uploads/ipc-sm-782a_amendment_1_and_2.pdf), generated with kicad-footprint-generator")
    (tags "resistor handsolder")
    (path /5F6FC9A8)
    (attr smd)
    (fp_text reference R5 (at 3 0 180) (layer F.SilkS)
      (effects (font (size 1 1) (thickness 0.15)))
    )
    (fp_text value 10K (at -3 0 180) (layer F.Fab)
      (effects (font (size 1 1) (thickness 0.15)))
    )
    (fp_text user %R (at 0 0 180) (layer F.Fab)
      (effects (font (size 0.5 0.5) (thickness 0.08)))
    )
    (fp_line (start 1.85 0.95) (end -1.85 0.95) (layer F.CrtYd) (width 0.05))
    (fp_line (start 1.85 -0.95) (end 1.85 0.95) (layer F.CrtYd) (width 0.05))
    (fp_line (start -1.85 -0.95) (end 1.85 -0.95) (layer F.CrtYd) (width 0.05))
    (fp_line (start -1.85 0.95) (end -1.85 -0.95) (layer F.CrtYd) (width 0.05))
    (fp_line (start -0.227064 0.735) (end 0.227064 0.735) (layer F.SilkS) (width 0.12))
    (fp_line (start -0.227064 -0.735) (end 0.227064 -0.735) (layer F.SilkS) (width 0.12))
    (fp_line (start 1 0.625) (end -1 0.625) (layer F.Fab) (width 0.1))
    (fp_line (start 1 -0.625) (end 1 0.625) (layer F.Fab) (width 0.1))
    (fp_line (start -1 -0.625) (end 1 -0.625) (layer F.Fab) (width 0.1))
    (fp_line (start -1 0.625) (end -1 -0.625) (layer F.Fab) (width 0.1))
    (pad 2 smd roundrect (at 1 0 180) (size 1.2 1.4) (layers F.Cu F.Paste F.Mask) (roundrect_rratio 0.208333)
      (net 3 "Net-(R5-Pad2)"))
    (pad 1 smd roundrect (at -1 0 180) (size 1.2 1.4) (layers F.Cu F.Paste F.Mask) (roundrect_rratio 0.208333)
      (net 9 "Net-(C2-Pad2)"))
    (model ${KISYS3DMOD}/Resistor_SMD.3dshapes/R_0805_2012Metric.wrl
      (at (xyz 0 0 0))
      (scale (xyz 1 1 1))
      (rotate (xyz 0 0 0))
    )
  )

  (module Resistor_SMD:R_0805_2012Metric_Pad1.20x1.40mm_HandSolder (layer F.Cu) (tedit 5F68FEEE) (tstamp 602FBA95)
    (at 135.334 94.996)
    (descr "Resistor SMD 0805 (2012 Metric), square (rectangular) end terminal, IPC_7351 nominal with elongated pad for handsoldering. (Body size source: IPC-SM-782 page 72, https://www.pcb-3d.com/wordpress/wp-content/uploads/ipc-sm-782a_amendment_1_and_2.pdf), generated with kicad-footprint-generator")
    (tags "resistor handsolder")
    (path /5F6FD28A)
    (attr smd)
    (fp_text reference R4 (at -3 0) (layer F.SilkS)
      (effects (font (size 1 1) (thickness 0.15)))
    )
    (fp_text value 10K (at 3 0) (layer F.Fab)
      (effects (font (size 1 1) (thickness 0.15)))
    )
    (fp_line (start -1 0.625) (end -1 -0.625) (layer F.Fab) (width 0.1))
    (fp_line (start -1 -0.625) (end 1 -0.625) (layer F.Fab) (width 0.1))
    (fp_line (start 1 -0.625) (end 1 0.625) (layer F.Fab) (width 0.1))
    (fp_line (start 1 0.625) (end -1 0.625) (layer F.Fab) (width 0.1))
    (fp_line (start -0.227064 -0.735) (end 0.227064 -0.735) (layer F.SilkS) (width 0.12))
    (fp_line (start -0.227064 0.735) (end 0.227064 0.735) (layer F.SilkS) (width 0.12))
    (fp_line (start -1.85 0.95) (end -1.85 -0.95) (layer F.CrtYd) (width 0.05))
    (fp_line (start -1.85 -0.95) (end 1.85 -0.95) (layer F.CrtYd) (width 0.05))
    (fp_line (start 1.85 -0.95) (end 1.85 0.95) (layer F.CrtYd) (width 0.05))
    (fp_line (start 1.85 0.95) (end -1.85 0.95) (layer F.CrtYd) (width 0.05))
    (fp_text user %R (at 0 0) (layer F.Fab)
      (effects (font (size 0.5 0.5) (thickness 0.08)))
    )
    (pad 1 smd roundrect (at -1 0) (size 1.2 1.4) (layers F.Cu F.Paste F.Mask) (roundrect_rratio 0.208333)
      (net 7 "Net-(R4-Pad1)"))
    (pad 2 smd roundrect (at 1 0) (size 1.2 1.4) (layers F.Cu F.Paste F.Mask) (roundrect_rratio 0.208333)
      (net 9 "Net-(C2-Pad2)"))
    (model ${KISYS3DMOD}/Resistor_SMD.3dshapes/R_0805_2012Metric.wrl
      (at (xyz 0 0 0))
      (scale (xyz 1 1 1))
      (rotate (xyz 0 0 0))
    )
  )

  (module Resistor_SMD:R_0805_2012Metric_Pad1.20x1.40mm_HandSolder (layer F.Cu) (tedit 5F68FEEE) (tstamp 602FBA85)
    (at 135.334 105.996)
    (descr "Resistor SMD 0805 (2012 Metric), square (rectangular) end terminal, IPC_7351 nominal with elongated pad for handsoldering. (Body size source: IPC-SM-782 page 72, https://www.pcb-3d.com/wordpress/wp-content/uploads/ipc-sm-782a_amendment_1_and_2.pdf), generated with kicad-footprint-generator")
    (tags "resistor handsolder")
    (path /5F6FEA34)
    (attr smd)
    (fp_text reference R3 (at 0 -1.5) (layer F.SilkS)
      (effects (font (size 1 1) (thickness 0.15)))
    )
    (fp_text value 10K (at 3 0 180) (layer F.Fab)
      (effects (font (size 1 1) (thickness 0.15)))
    )
    (fp_text user %R (at 0 0) (layer F.Fab)
      (effects (font (size 0.5 0.5) (thickness 0.08)))
    )
    (fp_line (start 1.85 0.95) (end -1.85 0.95) (layer F.CrtYd) (width 0.05))
    (fp_line (start 1.85 -0.95) (end 1.85 0.95) (layer F.CrtYd) (width 0.05))
    (fp_line (start -1.85 -0.95) (end 1.85 -0.95) (layer F.CrtYd) (width 0.05))
    (fp_line (start -1.85 0.95) (end -1.85 -0.95) (layer F.CrtYd) (width 0.05))
    (fp_line (start -0.227064 0.735) (end 0.227064 0.735) (layer F.SilkS) (width 0.12))
    (fp_line (start -0.227064 -0.735) (end 0.227064 -0.735) (layer F.SilkS) (width 0.12))
    (fp_line (start 1 0.625) (end -1 0.625) (layer F.Fab) (width 0.1))
    (fp_line (start 1 -0.625) (end 1 0.625) (layer F.Fab) (width 0.1))
    (fp_line (start -1 -0.625) (end 1 -0.625) (layer F.Fab) (width 0.1))
    (fp_line (start -1 0.625) (end -1 -0.625) (layer F.Fab) (width 0.1))
    (pad 2 smd roundrect (at 1 0) (size 1.2 1.4) (layers F.Cu F.Paste F.Mask) (roundrect_rratio 0.208333)
      (net 1 GND))
    (pad 1 smd roundrect (at -1 0) (size 1.2 1.4) (layers F.Cu F.Paste F.Mask) (roundrect_rratio 0.208333)
      (net 6 "Net-(R3-Pad1)"))
    (model ${KISYS3DMOD}/Resistor_SMD.3dshapes/R_0805_2012Metric.wrl
      (at (xyz 0 0 0))
      (scale (xyz 1 1 1))
      (rotate (xyz 0 0 0))
    )
  )

  (module Resistor_SMD:R_0805_2012Metric_Pad1.20x1.40mm_HandSolder (layer F.Cu) (tedit 5F68FEEE) (tstamp 602FBA75)
    (at 140.334 105.996 180)
    (descr "Resistor SMD 0805 (2012 Metric), square (rectangular) end terminal, IPC_7351 nominal with elongated pad for handsoldering. (Body size source: IPC-SM-782 page 72, https://www.pcb-3d.com/wordpress/wp-content/uploads/ipc-sm-782a_amendment_1_and_2.pdf), generated with kicad-footprint-generator")
    (tags "resistor handsolder")
    (path /5F6FE8C5)
    (attr smd)
    (fp_text reference R2 (at 0 1.5 180) (layer F.SilkS)
      (effects (font (size 1 1) (thickness 0.15)))
    )
    (fp_text value 10K (at 4 0 180) (layer F.Fab)
      (effects (font (size 1 1) (thickness 0.15)))
    )
    (fp_line (start -1 0.625) (end -1 -0.625) (layer F.Fab) (width 0.1))
