(kicad_pcb (version 20171130) (host pcbnew 5.0.2+dfsg1-1)

  (general
    (thickness 1.6)
    (drawings 5)
    (tracks 0)
    (zones 0)
    (modules 18)
    (nets 21)
  )

  (page A4)
  (layers
    (0 F.Cu signal)
    (31 B.Cu power)
    (33 F.Adhes user)
    (35 F.Paste user)
    (37 F.SilkS user)
    (39 F.Mask user)
    (40 Dwgs.User user)
    (41 Cmts.User user)
    (42 Eco1.User user)
    (43 Eco2.User user)
    (44 Edge.Cuts user)
    (45 Margin user)
    (46 B.CrtYd user)
    (47 F.CrtYd user)
    (49 F.Fab user)
  )

  (setup
    (last_trace_width 1)
    (trace_clearance 0.2)
    (zone_clearance 0.508)
    (zone_45_only no)
    (trace_min 0.2)
    (segment_width 0.2)
    (edge_width 0.15)
    (via_size 0.8)
    (via_drill 0.4)
    (via_min_size 0.4)
    (via_min_drill 0.3)
    (uvia_size 0.3)
    (uvia_drill 0.1)
    (uvias_allowed no)
    (uvia_min_size 0.2)
    (uvia_min_drill 0.1)
    (pcb_text_width 0.3)
    (pcb_text_size 1.5 1.5)
    (mod_edge_width 0.15)
    (mod_text_size 1 1)
    (mod_text_width 0.15)
    (pad_size 1.524 1.524)
    (pad_drill 0.762)
    (pad_to_mask_clearance 0.051)
    (solder_mask_min_width 0.25)
    (aux_axis_origin 0 0)
    (grid_origin 132.334 94.996)
    (visible_elements FFFFEF7F)
    (pcbplotparams
      (layerselection 0x01000_fffffffe)
      (usegerberextensions true)
      (usegerberattributes true)
      (usegerberadvancedattributes false)
      (creategerberjobfile false)
      (gerberprecision 5)
      (excludeedgelayer true)
      (linewidth 0.100000)
      (plotframeref false)
      (viasonmask false)
      (mode 1)
      (useauxorigin false)
      (hpglpennumber 1)
      (hpglpenspeed 20)
      (hpglpendiameter 15.000000)
      (psnegative false)
      (psa4output false)
      (plotreference true)
      (plotvalue true)
      (plotinvisibletext false)
      (padsonsilk false)
      (subtractmaskfromsilk false)
      (outputformat 1)
      (mirror false)
      (drillshape 0)
      (scaleselection 1)
      (outputdirectory "GERBER/"))
  )

  (net 0 "")
  (net 1 GND)
  (net 2 "Net-(RV1-Pad2)")
  (net 3 "Net-(R5-Pad2)")
  (net 4 VCC)
  (net 5 "Net-(R2-Pad2)")
  (net 6 "Net-(R3-Pad1)")
  (net 7 "Net-(R4-Pad1)")
  (net 8 "Net-(RV2-Pad3)")
  (net 9 "Net-(C2-Pad2)")
  (net 10 "Net-(C3-Pad2)")
  (net 11 "Net-(R10-Pad2)")
  (net 12 "Net-(R9-Pad1)")
  (net 13 SENSOR_INPUT_B)
  (net 14 "Net-(R7-Pad1)")
  (net 15 "Net-(R6-Pad2)")
  (net 16 SENSOR_INPUT_A)
  (net 17 VOLTAGE_OUTPUT_B)
  (net 18 "Net-(RV4-Pad3)")
  (net 19 "Net-(RV3-Pad2)")
  (net 20 VOLTAGE_OUTPUT_A)

  (net_class Default "Ceci est la Netclass par défaut."
    (clearance 0.2)
    (trace_width 1)
    (via_dia 0.8)
    (via_drill 0.4)
    (uvia_dia 0.3)
    (uvia_drill 0.1)
    (add_net GND)
    (add_net "Net-(C2-Pad2)")
    (add_net "Net-(C3-Pad2)")
    (add_net "Net-(R10-Pad2)")
    (add_net "Net-(R2-Pad2)")
    (add_net "Net-(R3-Pad1)")
    (add_net "Net-(R4-Pad1)")
    (add_net "Net-(R5-Pad2)")
    (add_net "Net-(R6-Pad2)")
    (add_net "Net-(R7-Pad1)")
    (add_net "Net-(R9-Pad1)")
    (add_net "Net-(RV1-Pad2)")
    (add_net "Net-(RV2-Pad3)")
    (add_net "Net-(RV3-Pad2)")
    (add_net "Net-(RV4-Pad3)")
    (add_net SENSOR_INPUT_A)
    (add_net SENSOR_INPUT_B)
    (add_net VCC)
    (add_net VOLTAGE_OUTPUT_A)
    (add_net VOLTAGE_OUTPUT_B)
  )

  (module Capacitor_SMD:C_0603_1608Metric (layer F.Cu) (tedit 5B301BBE) (tstamp 5F68EE95)
    (at 159.859001 89.551001)
    (descr "Capacitor SMD 0603 (1608 Metric), square (rectangular) end terminal, IPC_7351 nominal, (Body size source: http://www.tortai-tech.com/upload/download/2011102023233369053.pdf), generated with kicad-footprint-generator")
    (tags capacitor)
    (path /5F68D700)
    (attr smd)
    (fp_text reference C3 (at 0 -1.43) (layer F.SilkS)
      (effects (font (size 1 1) (thickness 0.15)))
    )
    (fp_text value 100N (at 0 1.43) (layer F.Fab)
      (effects (font (size 1 1) (thickness 0.15)))
    )
    (fp_line (start -0.8 0.4) (end -0.8 -0.4) (layer F.Fab) (width 0.1))
    (fp_line (start -0.8 -0.4) (end 0.8 -0.4) (layer F.Fab) (width 0.1))
    (fp_line (start 0.8 -0.4) (end 0.8 0.4) (layer F.Fab) (width 0.1))
    (fp_line (start 0.8 0.4) (end -0.8 0.4) (layer F.Fab) (width 0.1))
    (fp_line (start -0.162779 -0.51) (end 0.162779 -0.51) (layer F.SilkS) (width 0.12))
    (fp_line (start -0.162779 0.51) (end 0.162779 0.51) (layer F.SilkS) (width 0.12))
    (fp_line (start -1.48 0.73) (end -1.48 -0.73) (layer F.CrtYd) (width 0.05))
    (fp_line (start -1.48 -0.73) (end 1.48 -0.73) (layer F.CrtYd) (width 0.05))
    (fp_line (start 1.48 -0.73) (end 1.48 0.73) (layer F.CrtYd) (width 0.05))
    (fp_line (start 1.48 0.73) (end -1.48 0.73) (layer F.CrtYd) (width 0.05))
    (fp_text user %R (at 0 0) (layer F.Fab)
      (effects (font (size 0.4 0.4) (thickness 0.06)))
    )
    (pad 1 smd roundrect (at -0.7875 0) (size 0.875 0.95) (layers F.Cu F.Paste F.Mask) (roundrect_rratio 0.25)
      (net 17 VOLTAGE_OUTPUT_B))
    (pad 2 smd roundrect (at 0.7875 0) (size 0.875 0.95) (layers F.Cu F.Paste F.Mask) (roundrect_rratio 0.25)
      (net 10 "Net-(C3-Pad2)"))
    (model ${KISYS3DMOD}/Capacitor_SMD.3dshapes/C_0603_1608Metric.wrl
      (at (xyz 0 0 0))
      (scale (xyz 1 1 1))
      (rotate (xyz 0 0 0))
    )
  )

  (module Potentiometer_SMD:Potentiometer_Vishay_TS53YJ_Vertical (layer F.Cu) (tedit 5A3D7171) (tstamp 5F68EDBA)
    (at 162.159001 86.021001)
    (descr "Potentiometer, vertical, Vishay TS53YJ, https://www.vishay.com/docs/51008/ts53.pdf")
    (tags "Potentiometer vertical Vishay TS53YJ")
    (path /5F68D6CB)
    (attr smd)
    (fp_text reference RV3 (at 0 -3.75) (layer F.SilkS)
      (effects (font (size 1 1) (thickness 0.15)))
    )
    (fp_text value 100K (at 0 3.75) (layer F.Fab)
      (effects (font (size 1 1) (thickness 0.15)))
    )
    (fp_text user %R (at 0 -2) (layer F.Fab)
      (effects (font (size 0.68 0.68) (thickness 0.15)))
    )
    (fp_line (start 3.25 -2.75) (end -3.25 -2.75) (layer F.CrtYd) (width 0.05))
    (fp_line (start 3.25 2.75) (end 3.25 -2.75) (layer F.CrtYd) (width 0.05))
    (fp_line (start -3.25 2.75) (end 3.25 2.75) (layer F.CrtYd) (width 0.05))
    (fp_line (start -3.25 -2.75) (end -3.25 2.75) (layer F.CrtYd) (width 0.05))
    (fp_line (start 2.62 2.04) (end 2.62 2.62) (layer F.SilkS) (width 0.12))
    (fp_line (start 2.62 -0.26) (end 2.62 0.26) (layer F.SilkS) (width 0.12))
    (fp_line (start 2.62 -2.62) (end 2.62 -2.039) (layer F.SilkS) (width 0.12))
    (fp_line (start -2.62 1.24) (end -2.62 2.62) (layer F.SilkS) (width 0.12))
    (fp_line (start -2.62 -2.62) (end -2.62 -1.24) (layer F.SilkS) (width 0.12))
    (fp_line (start -2.62 2.62) (end 2.62 2.62) (layer F.SilkS) (width 0.12))
    (fp_line (start -2.62 -2.62) (end 2.62 -2.62) (layer F.SilkS) (width 0.12))
    (fp_line (start -0.92 0.058) (end -0.92 -0.058) (layer F.Fab) (width 0.1))
    (fp_line (start -0.058 0.058) (end -0.92 0.058) (layer F.Fab) (width 0.1))
    (fp_line (start -0.058 0.92) (end -0.058 0.058) (layer F.Fab) (width 0.1))
    (fp_line (start 0.058 0.92) (end -0.058 0.92) (layer F.Fab) (width 0.1))
    (fp_line (start 0.058 0.058) (end 0.058 0.92) (layer F.Fab) (width 0.1))
    (fp_line (start 0.92 0.058) (end 0.058 0.058) (layer F.Fab) (width 0.1))
    (fp_line (start 0.92 -0.058) (end 0.92 0.058) (layer F.Fab) (width 0.1))
    (fp_line (start 0.058 -0.058) (end 0.92 -0.058) (layer F.Fab) (width 0.1))
    (fp_line (start 0.058 -0.92) (end 0.058 -0.058) (layer F.Fab) (width 0.1))
    (fp_line (start -0.058 -0.92) (end 0.058 -0.92) (layer F.Fab) (width 0.1))
    (fp_line (start -0.058 -0.058) (end -0.058 -0.92) (layer F.Fab) (width 0.1))
    (fp_line (start -0.92 -0.058) (end -0.058 -0.058) (layer F.Fab) (width 0.1))
    (fp_line (start 2.5 -2.5) (end -2.5 -2.5) (layer F.Fab) (width 0.1))
    (fp_line (start 2.5 2.5) (end 2.5 -2.5) (layer F.Fab) (width 0.1))
    (fp_line (start -2.5 2.5) (end 2.5 2.5) (layer F.Fab) (width 0.1))
    (fp_line (start -2.5 -2.5) (end -2.5 2.5) (layer F.Fab) (width 0.1))
    (fp_circle (center 0 0) (end 1.15 0) (layer F.Fab) (width 0.1))
    (pad 3 smd rect (at 2 1.15) (size 2 1.3) (layers F.Cu F.Paste F.Mask)
      (net 14 "Net-(R7-Pad1)"))
    (pad 2 smd rect (at -2 0) (size 2 2) (layers F.Cu F.Paste F.Mask)
      (net 19 "Net-(RV3-Pad2)"))
    (pad 1 smd rect (at 2 -1.15) (size 2 1.3) (layers F.Cu F.Paste F.Mask)
      (net 15 "Net-(R6-Pad2)"))
    (model ${KISYS3DMOD}/Potentiometer_SMD.3dshapes/Potentiometer_Vishay_TS53YJ_Vertical.wrl
      (at (xyz 0 0 0))
      (scale (xyz 1 1 1))
      (rotate (xyz 0 0 0))
    )
  )

  (module Potentiometer_SMD:Potentiometer_Vishay_TS53YJ_Vertical (layer F.Cu) (tedit 5A3D7171) (tstamp 5F68ED96)
    (at 155.609001 86.021001)
    (descr "Potentiometer, vertical, Vishay TS53YJ, https://www.vishay.com/docs/51008/ts53.pdf")
    (tags "Potentiometer vertical Vishay TS53YJ")
    (path /5F68D6B1)
    (attr smd)
    (fp_text reference RV4 (at 0 -3.75) (layer F.SilkS)
      (effects (font (size 1 1) (thickness 0.15)))
    )
    (fp_text value 100K (at 0 3.75) (layer F.Fab)
      (effects (font (size 1 1) (thickness 0.15)))
    )
    (fp_circle (center 0 0) (end 1.15 0) (layer F.Fab) (width 0.1))
    (fp_line (start -2.5 -2.5) (end -2.5 2.5) (layer F.Fab) (width 0.1))
    (fp_line (start -2.5 2.5) (end 2.5 2.5) (layer F.Fab) (width 0.1))
    (fp_line (start 2.5 2.5) (end 2.5 -2.5) (layer F.Fab) (width 0.1))
    (fp_line (start 2.5 -2.5) (end -2.5 -2.5) (layer F.Fab) (width 0.1))
    (fp_line (start -0.92 -0.058) (end -0.058 -0.058) (layer F.Fab) (width 0.1))
    (fp_line (start -0.058 -0.058) (end -0.058 -0.92) (layer F.Fab) (width 0.1))
    (fp_line (start -0.058 -0.92) (end 0.058 -0.92) (layer F.Fab) (width 0.1))
    (fp_line (start 0.058 -0.92) (end 0.058 -0.058) (layer F.Fab) (width 0.1))
    (fp_line (start 0.058 -0.058) (end 0.92 -0.058) (layer F.Fab) (width 0.1))
    (fp_line (start 0.92 -0.058) (end 0.92 0.058) (layer F.Fab) (width 0.1))
    (fp_line (start 0.92 0.058) (end 0.058 0.058) (layer F.Fab) (width 0.1))
    (fp_line (start 0.058 0.058) (end 0.058 0.92) (layer F.Fab) (width 0.1))
    (fp_line (start 0.058 0.92) (end -0.058 0.92) (layer F.Fab) (width 0.1))
    (fp_line (start -0.058 0.92) (end -0.058 0.058) (layer F.Fab) (width 0.1))
    (fp_line (start -0.058 0.058) (end -0.92 0.058) (layer F.Fab) (width 0.1))
    (fp_line (start -0.92 0.058) (end -0.92 -0.058) (layer F.Fab) (width 0.1))
    (fp_line (start -2.62 -2.62) (end 2.62 -2.62) (layer F.SilkS) (width 0.12))
    (fp_line (start -2.62 2.62) (end 2.62 2.62) (layer F.SilkS) (width 0.12))
    (fp_line (start -2.62 -2.62) (end -2.62 -1.24) (layer F.SilkS) (width 0.12))
    (fp_line (start -2.62 1.24) (end -2.62 2.62) (layer F.SilkS) (width 0.12))
    (fp_line (start 2.62 -2.62) (end 2.62 -2.039) (layer F.SilkS) (width 0.12))
    (fp_line (start 2.62 -0.26) (end 2.62 0.26) (layer F.SilkS) (width 0.12))
    (fp_line (start 2.62 2.04) (end 2.62 2.62) (layer F.SilkS) (width 0.12))
    (fp_line (start -3.25 -2.75) (end -3.25 2.75) (layer F.CrtYd) (width 0.05))
    (fp_line (start -3.25 2.75) (end 3.25 2.75) (layer F.CrtYd) (width 0.05))
    (fp_line (start 3.25 2.75) (end 3.25 -2.75) (layer F.CrtYd) (width 0.05))
    (fp_line (start 3.25 -2.75) (end -3.25 -2.75) (layer F.CrtYd) (width 0.05))
    (fp_text user %R (at 0 -2) (layer F.Fab)
      (effects (font (size 0.68 0.68) (thickness 0.15)))
    )
    (pad 1 smd rect (at 2 -1.15) (size 2 1.3) (layers F.Cu F.Paste F.Mask)
      (net 12 "Net-(R9-Pad1)"))
    (pad 2 smd rect (at -2 0) (size 2 2) (layers F.Cu F.Paste F.Mask)
      (net 17 VOLTAGE_OUTPUT_B))
    (pad 3 smd rect (at 2 1.15) (size 2 1.3) (layers F.Cu F.Paste F.Mask)
      (net 18 "Net-(RV4-Pad3)"))
    (model ${KISYS3DMOD}/Potentiometer_SMD.3dshapes/Potentiometer_Vishay_TS53YJ_Vertical.wrl
      (at (xyz 0 0 0))
      (scale (xyz 1 1 1))
      (rotate (xyz 0 0 0))
    )
  )

  (module Resistor_SMD:R_0603_1608Metric (layer F.Cu) (tedit 5B301BBD) (tstamp 5F68ECF2)
    (at 156.849001 91.061001)
    (descr "Resistor SMD 0603 (1608 Metric), square (rectangular) end terminal, IPC_7351 nominal, (Body size source: http://www.tortai-tech.com/upload/download/2011102023233369053.pdf), generated with kicad-footprint-generator")
    (tags resistor)
    (path /5F68D6D2)
    (attr smd)
    (fp_text reference R6 (at 0 -1.43) (layer F.SilkS)
      (effects (font (size 1 1) (thickness 0.15)))
    )
    (fp_text value 10K (at 0 1.43) (layer F.Fab)
      (effects (font (size 1 1) (thickness 0.15)))
    )
    (fp_line (start -0.8 0.4) (end -0.8 -0.4) (layer F.Fab) (width 0.1))
    (fp_line (start -0.8 -0.4) (end 0.8 -0.4) (layer F.Fab) (width 0.1))
    (fp_line (start 0.8 -0.4) (end 0.8 0.4) (layer F.Fab) (width 0.1))
    (fp_line (start 0.8 0.4) (end -0.8 0.4) (layer F.Fab) (width 0.1))
    (fp_line (start -0.162779 -0.51) (end 0.162779 -0.51) (layer F.SilkS) (width 0.12))
    (fp_line (start -0.162779 0.51) (end 0.162779 0.51) (layer F.SilkS) (width 0.12))
    (fp_line (start -1.48 0.73) (end -1.48 -0.73) (layer F.CrtYd) (width 0.05))
    (fp_line (start -1.48 -0.73) (end 1.48 -0.73) (layer F.CrtYd) (width 0.05))
    (fp_line (start 1.48 -0.73) (end 1.48 0.73) (layer F.CrtYd) (width 0.05))
    (fp_line (start 1.48 0.73) (end -1.48 0.73) (layer F.CrtYd) (width 0.05))
    (fp_text user %R (at 0 0) (layer F.Fab)
      (effects (font (size 0.4 0.4) (thickness 0.06)))
    )
    (pad 1 smd roundrect (at -0.7875 0) (size 0.875 0.95) (layers F.Cu F.Paste F.Mask) (roundrect_rratio 0.25)
      (net 4 VCC))
    (pad 2 smd roundrect (at 0.7875 0) (size 0.875 0.95) (layers F.Cu F.Paste F.Mask) (roundrect_rratio 0.25)
      (net 15 "Net-(R6-Pad2)"))
    (model ${KISYS3DMOD}/Resistor_SMD.3dshapes/R_0603_1608Metric.wrl
      (at (xyz 0 0 0))
      (scale (xyz 1 1 1))
      (rotate (xyz 0 0 0))
    )
  )

  (module Resistor_SMD:R_0603_1608Metric (layer F.Cu) (tedit 5B301BBD) (tstamp 5F68ECE1)
    (at 166.939001 84.001001)
    (descr "Resistor SMD 0603 (1608 Metric), square (rectangular) end terminal, IPC_7351 nominal, (Body size source: http://www.tortai-tech.com/upload/download/2011102023233369053.pdf), generated with kicad-footprint-generator")
    (tags resistor)
    (path /5F68D6D9)
    (attr smd)
    (fp_text reference R7 (at 0 -1.43) (layer F.SilkS)
      (effects (font (size 1 1) (thickness 0.15)))
    )
    (fp_text value 10K (at 0 1.43) (layer F.Fab)
      (effects (font (size 1 1) (thickness 0.15)))
    )
    (fp_text user %R (at 0 0) (layer F.Fab)
      (effects (font (size 0.4 0.4) (thickness 0.06)))
    )
    (fp_line (start 1.48 0.73) (end -1.48 0.73) (layer F.CrtYd) (width 0.05))
    (fp_line (start 1.48 -0.73) (end 1.48 0.73) (layer F.CrtYd) (width 0.05))
    (fp_line (start -1.48 -0.73) (end 1.48 -0.73) (layer F.CrtYd) (width 0.05))
    (fp_line (start -1.48 0.73) (end -1.48 -0.73) (layer F.CrtYd) (width 0.05))
    (fp_line (start -0.162779 0.51) (end 0.162779 0.51) (layer F.SilkS) (width 0.12))
    (fp_line (start -0.162779 -0.51) (end 0.162779 -0.51) (layer F.SilkS) (width 0.12))
    (fp_line (start 0.8 0.4) (end -0.8 0.4) (layer F.Fab) (width 0.1))
    (fp_line (start 0.8 -0.4) (end 0.8 0.4) (layer F.Fab) (width 0.1))
    (fp_line (start -0.8 -0.4) (end 0.8 -0.4) (layer F.Fab) (width 0.1))
    (fp_line (start -0.8 0.4) (end -0.8 -0.4) (layer F.Fab) (width 0.1))
    (pad 2 smd roundrect (at 0.7875 0) (size 0.875 0.95) (layers F.Cu F.Paste F.Mask) (roundrect_rratio 0.25)
      (net 1 GND))
    (pad 1 smd roundrect (at -0.7875 0) (size 0.875 0.95) (layers F.Cu F.Paste F.Mask) (roundrect_rratio 0.25)
      (net 14 "Net-(R7-Pad1)"))
    (model ${KISYS3DMOD}/Resistor_SMD.3dshapes/R_0603_1608Metric.wrl
      (at (xyz 0 0 0))
      (scale (xyz 1 1 1))
      (rotate (xyz 0 0 0))
    )
  )

  (module Resistor_SMD:R_0603_1608Metric (layer F.Cu) (tedit 5B301BBD) (tstamp 5F68ECD0)
    (at 153.839001 91.061001)
    (descr "Resistor SMD 0603 (1608 Metric), square (rectangular) end terminal, IPC_7351 nominal, (Body size source: http://www.tortai-tech.com/upload/download/2011102023233369053.pdf), generated with kicad-footprint-generator")
    (tags resistor)
    (path /5F68D6E1)
    (attr smd)
    (fp_text reference R8 (at 0 -1.43) (layer F.SilkS)
      (effects (font (size 1 1) (thickness 0.15)))
    )
    (fp_text value 10K (at 0 1.43) (layer F.Fab)
      (effects (font (size 1 1) (thickness 0.15)))
    )
    (fp_line (start -0.8 0.4) (end -0.8 -0.4) (layer F.Fab) (width 0.1))
    (fp_line (start -0.8 -0.4) (end 0.8 -0.4) (layer F.Fab) (width 0.1))
    (fp_line (start 0.8 -0.4) (end 0.8 0.4) (layer F.Fab) (width 0.1))
    (fp_line (start 0.8 0.4) (end -0.8 0.4) (layer F.Fab) (width 0.1))
    (fp_line (start -0.162779 -0.51) (end 0.162779 -0.51) (layer F.SilkS) (width 0.12))
    (fp_line (start -0.162779 0.51) (end 0.162779 0.51) (layer F.SilkS) (width 0.12))
    (fp_line (start -1.48 0.73) (end -1.48 -0.73) (layer F.CrtYd) (width 0.05))
    (fp_line (start -1.48 -0.73) (end 1.48 -0.73) (layer F.CrtYd) (width 0.05))
    (fp_line (start 1.48 -0.73) (end 1.48 0.73) (layer F.CrtYd) (width 0.05))
    (fp_line (start 1.48 0.73) (end -1.48 0.73) (layer F.CrtYd) (width 0.05))
    (fp_text user %R (at 0 0) (layer F.Fab)
      (effects (font (size 0.4 0.4) (thickness 0.06)))
    )
    (pad 1 smd roundrect (at -0.7875 0) (size 0.875 0.95) (layers F.Cu F.Paste F.Mask) (roundrect_rratio 0.25)
      (net 13 SENSOR_INPUT_B))
    (pad 2 smd roundrect (at 0.7875 0) (size 0.875 0.95) (layers F.Cu F.Paste F.Mask) (roundrect_rratio 0.25)
      (net 1 GND))
    (model ${KISYS3DMOD}/Resistor_SMD.3dshapes/R_0603_1608Metric.wrl
      (at (xyz 0 0 0))
      (scale (xyz 1 1 1))
      (rotate (xyz 0 0 0))
    )
  )

  (module Resistor_SMD:R_0603_1608Metric (layer F.Cu) (tedit 5B301BBD) (tstamp 5F68ECBF)
    (at 156.849001 89.551001)
    (descr "Resistor SMD 0603 (1608 Metric), square (rectangular) end terminal, IPC_7351 nominal, (Body size source: http://www.tortai-tech.com/upload/download/2011102023233369053.pdf), generated with kicad-footprint-generator")
    (tags resistor)
    (path /5F68D6B9)
    (attr smd)
    (fp_text reference R9 (at 0 -1.43) (layer F.SilkS)
      (effects (font (size 1 1) (thickness 0.15)))
    )
    (fp_text value 10K (at 0 1.43) (layer F.Fab)
      (effects (font (size 1 1) (thickness 0.15)))
    )
    (fp_text user %R (at 0 0) (layer F.Fab)
      (effects (font (size 0.4 0.4) (thickness 0.06)))
    )
    (fp_line (start 1.48 0.73) (end -1.48 0.73) (layer F.CrtYd) (width 0.05))
    (fp_line (start 1.48 -0.73) (end 1.48 0.73) (layer F.CrtYd) (width 0.05))
    (fp_line (start -1.48 -0.73) (end 1.48 -0.73) (layer F.CrtYd) (width 0.05))
    (fp_line (start -1.48 0.73) (end -1.48 -0.73) (layer F.CrtYd) (width 0.05))
    (fp_line (start -0.162779 0.51) (end 0.162779 0.51) (layer F.SilkS) (width 0.12))
    (fp_line (start -0.162779 -0.51) (end 0.162779 -0.51) (layer F.SilkS) (width 0.12))
    (fp_line (start 0.8 0.4) (end -0.8 0.4) (layer F.Fab) (width 0.1))
    (fp_line (start 0.8 -0.4) (end 0.8 0.4) (layer F.Fab) (width 0.1))
    (fp_line (start -0.8 -0.4) (end 0.8 -0.4) (layer F.Fab) (width 0.1))
    (fp_line (start -0.8 0.4) (end -0.8 -0.4) (layer F.Fab) (width 0.1))
    (pad 2 smd roundrect (at 0.7875 0) (size 0.875 0.95) (layers F.Cu F.Paste F.Mask) (roundrect_rratio 0.25)
      (net 10 "Net-(C3-Pad2)"))
    (pad 1 smd roundrect (at -0.7875 0) (size 0.875 0.95) (layers F.Cu F.Paste F.Mask) (roundrect_rratio 0.25)
      (net 12 "Net-(R9-Pad1)"))
    (model ${KISYS3DMOD}/Resistor_SMD.3dshapes/R_0603_1608Metric.wrl
      (at (xyz 0 0 0))
      (scale (xyz 1 1 1))
      (rotate (xyz 0 0 0))
    )
  )

  (module Resistor_SMD:R_0603_1608Metric (layer F.Cu) (tedit 5B301BBD) (tstamp 5F68ECAE)
    (at 153.839001 89.551001)
    (descr "Resistor SMD 0603 (1608 Metric), square (rectangular) end terminal, IPC_7351 nominal, (Body size source: http://www.tortai-tech.com/upload/download/2011102023233369053.pdf), generated with kicad-footprint-generator")
    (tags resistor)
    (path /5F68D6AA)
    (attr smd)
    (fp_text reference R10 (at 0 -1.43) (layer F.SilkS)
      (effects (font (size 1 1) (thickness 0.15)))
    )
    (fp_text value 10K (at 0 1.43) (layer F.Fab)
      (effects (font (size 1 1) (thickness 0.15)))
    )
    (fp_line (start -0.8 0.4) (end -0.8 -0.4) (layer F.Fab) (width 0.1))
    (fp_line (start -0.8 -0.4) (end 0.8 -0.4) (layer F.Fab) (width 0.1))
    (fp_line (start 0.8 -0.4) (end 0.8 0.4) (layer F.Fab) (width 0.1))
    (fp_line (start 0.8 0.4) (end -0.8 0.4) (layer F.Fab) (width 0.1))
    (fp_line (start -0.162779 -0.51) (end 0.162779 -0.51) (layer F.SilkS) (width 0.12))
    (fp_line (start -0.162779 0.51) (end 0.162779 0.51) (layer F.SilkS) (width 0.12))
    (fp_line (start -1.48 0.73) (end -1.48 -0.73) (layer F.CrtYd) (width 0.05))
    (fp_line (start -1.48 -0.73) (end 1.48 -0.73) (layer F.CrtYd) (width 0.05))
    (fp_line (start 1.48 -0.73) (end 1.48 0.73) (layer F.CrtYd) (width 0.05))
    (fp_line (start 1.48 0.73) (end -1.48 0.73) (layer F.CrtYd) (width 0.05))
    (fp_text user %R (at 0 0) (layer F.Fab)
      (effects (font (size 0.4 0.4) (thickness 0.06)))
    )
    (pad 1 smd roundrect (at -0.7875 0) (size 0.875 0.95) (layers F.Cu F.Paste F.Mask) (roundrect_rratio 0.25)
      (net 10 "Net-(C3-Pad2)"))
    (pad 2 smd roundrect (at 0.7875 0) (size 0.875 0.95) (layers F.Cu F.Paste F.Mask) (roundrect_rratio 0.25)
      (net 11 "Net-(R10-Pad2)"))
    (model ${KISYS3DMOD}/Resistor_SMD.3dshapes/R_0603_1608Metric.wrl
      (at (xyz 0 0 0))
      (scale (xyz 1 1 1))
      (rotate (xyz 0 0 0))
    )
  )

  (module Package_SO:TSSOP-14_4.4x5mm_P0.65mm (layer F.Cu) (tedit 5E476F32) (tstamp 5F68E425)
    (at 145.084 91.996)
    (descr "TSSOP, 14 Pin (JEDEC MO-153 Var AB-1 https://www.jedec.org/document_search?search_api_views_fulltext=MO-153), generated with kicad-footprint-generator ipc_gullwing_generator.py")
    (tags "TSSOP SO")
    (path /5F68709C)
    (attr smd)
    (fp_text reference U2 (at 0 -3.45) (layer F.SilkS)
      (effects (font (size 1 1) (thickness 0.15)))
    )
    (fp_text value MCP6244 (at 0 3.45) (layer F.Fab)
      (effects (font (size 1 1) (thickness 0.15)))
    )
    (fp_line (start 0 2.61) (end 2.2 2.61) (layer F.SilkS) (width 0.12))
    (fp_line (start 0 2.61) (end -2.2 2.61) (layer F.SilkS) (width 0.12))
    (fp_line (start 0 -2.61) (end 2.2 -2.61) (layer F.SilkS) (width 0.12))
    (fp_line (start 0 -2.61) (end -3.6 -2.61) (layer F.SilkS) (width 0.12))
    (fp_line (start -1.2 -2.5) (end 2.2 -2.5) (layer F.Fab) (width 0.1))
    (fp_line (start 2.2 -2.5) (end 2.2 2.5) (layer F.Fab) (width 0.1))
    (fp_line (start 2.2 2.5) (end -2.2 2.5) (layer F.Fab) (width 0.1))
    (fp_line (start -2.2 2.5) (end -2.2 -1.5) (layer F.Fab) (width 0.1))
    (fp_line (start -2.2 -1.5) (end -1.2 -2.5) (layer F.Fab) (width 0.1))
    (fp_line (start -3.85 -2.75) (end -3.85 2.75) (layer F.CrtYd) (width 0.05))
    (fp_line (start -3.85 2.75) (end 3.85 2.75) (layer F.CrtYd) (width 0.05))
    (fp_line (start 3.85 2.75) (end 3.85 -2.75) (layer F.CrtYd) (width 0.05))
    (fp_line (start 3.85 -2.75) (end -3.85 -2.75) (layer F.CrtYd) (width 0.05))
    (fp_text user %R (at 0 0) (layer F.Fab)
      (effects (font (size 1 1) (thickness 0.15)))
    )
    (pad 1 smd roundrect (at -2.8625 -1.95) (size 1.475 0.4) (layers F.Cu F.Paste F.Mask) (roundrect_rratio 0.25)
      (net 20 VOLTAGE_OUTPUT_A))
    (pad 2 smd roundrect (at -2.8625 -1.3) (size 1.475 0.4) (layers F.Cu F.Paste F.Mask) (roundrect_rratio 0.25)
      (net 9 "Net-(C2-Pad2)"))
    (pad 3 smd roundrect (at -2.8625 -0.65) (size 1.475 0.4) (layers F.Cu F.Paste F.Mask) (roundrect_rratio 0.25)
      (net 16 SENSOR_INPUT_A))
    (pad 4 smd roundrect (at -2.8625 0) (size 1.475 0.4) (layers F.Cu F.Paste F.Mask) (roundrect_rratio 0.25)
      (net 4 VCC))
    (pad 5 smd roundrect (at -2.8625 0.65) (size 1.475 0.4) (layers F.Cu F.Paste F.Mask) (roundrect_rratio 0.25)
      (net 2 "Net-(RV1-Pad2)"))
    (pad 6 smd roundrect (at -2.8625 1.3) (size 1.475 0.4) (layers F.Cu F.Paste F.Mask) (roundrect_rratio 0.25)
      (net 3 "Net-(R5-Pad2)"))
    (pad 7 smd roundrect (at -2.8625 1.95) (size 1.475 0.4) (layers F.Cu F.Paste F.Mask) (roundrect_rratio 0.25)
      (net 3 "Net-(R5-Pad2)"))
    (pad 8 smd roundrect (at 2.8625 1.95) (size 1.475 0.4) (layers F.Cu F.Paste F.Mask) (roundrect_rratio 0.25)
      (net 17 VOLTAGE_OUTPUT_B))
    (pad 9 smd roundrect (at 2.8625 1.3) (size 1.475 0.4) (layers F.Cu F.Paste F.Mask) (roundrect_rratio 0.25)
      (net 10 "Net-(C3-Pad2)"))
    (pad 10 smd roundrect (at 2.8625 0.65) (size 1.475 0.4) (layers F.Cu F.Paste F.Mask) (roundrect_rratio 0.25)
      (net 13 SENSOR_INPUT_B))
    (pad 11 smd roundrect (at 2.8625 0) (size 1.475 0.4) (layers F.Cu F.Paste F.Mask) (roundrect_rratio 0.25)
      (net 1 GND))
    (pad 12 smd roundrect (at 2.8625 -0.65) (size 1.475 0.4) (layers F.Cu F.Paste F.Mask) (roundrect_rratio 0.25)
      (net 19 "Net-(RV3-Pad2)"))
    (pad 13 smd roundrect (at 2.8625 -1.3) (size 1.475 0.4) (layers F.Cu F.Paste F.Mask) (roundrect_rratio 0.25)
      (net 11 "Net-(R10-Pad2)"))
    (pad 14 smd roundrect (at 2.8625 -1.95) (size 1.475 0.4) (layers F.Cu F.Paste F.Mask) (roundrect_rratio 0.25)
      (net 11 "Net-(R10-Pad2)"))
    (model ${KISYS3DMOD}/Package_SO.3dshapes/TSSOP-14_4.4x5mm_P0.65mm.wrl
      (at (xyz 0 0 0))
      (scale (xyz 1 1 1))
      (rotate (xyz 0 0 0))
    )
  )

  (module Potentiometer_SMD:Potentiometer_Vishay_TS53YJ_Vertical (layer F.Cu) (tedit 5A3D7171) (tstamp 5F689373)
    (at 160.084 103.496)
    (descr "Potentiometer, vertical, Vishay TS53YJ, https://www.vishay.com/docs/51008/ts53.pdf")
    (tags "Potentiometer vertical Vishay TS53YJ")
    (path /5F6FCEBE)
    (attr smd)
    (fp_text reference RV2 (at 0 -3.75) (layer F.SilkS)
      (effects (font (size 1 1) (thickness 0.15)))
    )
    (fp_text value 100K (at 0 3.75) (layer F.Fab)
      (effects (font (size 1 1) (thickness 0.15)))
    )
    (fp_text user %R (at 0 -2) (layer F.Fab)
      (effects (font (size 0.68 0.68) (thickness 0.15)))
    )
    (fp_line (start 3.25 -2.75) (end -3.25 -2.75) (layer F.CrtYd) (width 0.05))
    (fp_line (start 3.25 2.75) (end 3.25 -2.75) (layer F.CrtYd) (width 0.05))
    (fp_line (start -3.25 2.75) (end 3.25 2.75) (layer F.CrtYd) (width 0.05))
    (fp_line (start -3.25 -2.75) (end -3.25 2.75) (layer F.CrtYd) (width 0.05))
    (fp_line (start 2.62 2.04) (end 2.62 2.62) (layer F.SilkS) (width 0.12))
    (fp_line (start 2.62 -0.26) (end 2.62 0.26) (layer F.SilkS) (width 0.12))
    (fp_line (start 2.62 -2.62) (end 2.62 -2.039) (layer F.SilkS) (width 0.12))
    (fp_line (start -2.62 1.24) (end -2.62 2.62) (layer F.SilkS) (width 0.12))
    (fp_line (start -2.62 -2.62) (end -2.62 -1.24) (layer F.SilkS) (width 0.12))
    (fp_line (start -2.62 2.62) (end 2.62 2.62) (layer F.SilkS) (width 0.12))
    (fp_line (start -2.62 -2.62) (end 2.62 -2.62) (layer F.SilkS) (width 0.12))
    (fp_line (start -0.92 0.058) (end -0.92 -0.058) (layer F.Fab) (width 0.1))
    (fp_line (start -0.058 0.058) (end -0.92 0.058) (layer F.Fab) (width 0.1))
    (fp_line (start -0.058 0.92) (end -0.058 0.058) (layer F.Fab) (width 0.1))
    (fp_line (start 0.058 0.92) (end -0.058 0.92) (layer F.Fab) (width 0.1))
    (fp_line (start 0.058 0.058) (end 0.058 0.92) (layer F.Fab) (width 0.1))
    (fp_line (start 0.92 0.058) (end 0.058 0.058) (layer F.Fab) (width 0.1))
    (fp_line (start 0.92 -0.058) (end 0.92 0.058) (layer F.Fab) (width 0.1))
    (fp_line (start 0.058 -0.058) (end 0.92 -0.058) (layer F.Fab) (width 0.1))
    (fp_line (start 0.058 -0.92) (end 0.058 -0.058) (layer F.Fab) (width 0.1))
    (fp_line (start -0.058 -0.92) (end 0.058 -0.92) (layer F.Fab) (width 0.1))
    (fp_line (start -0.058 -0.058) (end -0.058 -0.92) (layer F.Fab) (width 0.1))
    (fp_line (start -0.92 -0.058) (end -0.058 -0.058) (layer F.Fab) (width 0.1))
    (fp_line (start 2.5 -2.5) (end -2.5 -2.5) (layer F.Fab) (width 0.1))
    (fp_line (start 2.5 2.5) (end 2.5 -2.5) (layer F.Fab) (width 0.1))
    (fp_line (start -2.5 2.5) (end 2.5 2.5) (layer F.Fab) (width 0.1))
    (fp_line (start -2.5 -2.5) (end -2.5 2.5) (layer F.Fab) (width 0.1))
    (fp_circle (center 0 0) (end 1.15 0) (layer F.Fab) (width 0.1))
    (pad 3 smd rect (at 2 1.15) (size 2 1.3) (layers F.Cu F.Paste F.Mask)
      (net 8 "Net-(RV2-Pad3)"))
    (pad 2 smd rect (at -2 0) (size 2 2) (layers F.Cu F.Paste F.Mask)
      (net 20 VOLTAGE_OUTPUT_A))
    (pad 1 smd rect (at 2 -1.15) (size 2 1.3) (layers F.Cu F.Paste F.Mask)
      (net 7 "Net-(R4-Pad1)"))
    (model ${KISYS3DMOD}/Potentiometer_SMD.3dshapes/Potentiometer_Vishay_TS53YJ_Vertical.wrl
      (at (xyz 0 0 0))
      (scale (xyz 1 1 1))
      (rotate (xyz 0 0 0))
    )
  )

  (module Potentiometer_SMD:Potentiometer_Vishay_TS53YJ_Vertical (layer F.Cu) (tedit 5A3D7171) (tstamp 5F689350)
    (at 160.084 97.718)
    (descr "Potentiometer, vertical, Vishay TS53YJ, https://www.vishay.com/docs/51008/ts53.pdf")
    (tags "Potentiometer vertical Vishay TS53YJ")
    (path /5F6FE59C)
    (attr smd)
    (fp_text reference RV1 (at 0 -3.75) (layer F.SilkS)
      (effects (font (size 1 1) (thickness 0.15)))
    )
    (fp_text value 100K (at 0 3.75) (layer F.Fab)
      (effects (font (size 1 1) (thickness 0.15)))
    )
    (fp_circle (center 0 0) (end 1.15 0) (layer F.Fab) (width 0.1))
    (fp_line (start -2.5 -2.5) (end -2.5 2.5) (layer F.Fab) (width 0.1))
    (fp_line (start -2.5 2.5) (end 2.5 2.5) (layer F.Fab) (width 0.1))
    (fp_line (start 2.5 2.5) (end 2.5 -2.5) (layer F.Fab) (width 0.1))
    (fp_line (start 2.5 -2.5) (end -2.5 -2.5) (layer F.Fab) (width 0.1))
    (fp_line (start -0.92 -0.058) (end -0.058 -0.058) (layer F.Fab) (width 0.1))
    (fp_line (start -0.058 -0.058) (end -0.058 -0.92) (layer F.Fab) (width 0.1))
    (fp_line (start -0.058 -0.92) (end 0.058 -0.92) (layer F.Fab) (width 0.1))
    (fp_line (start 0.058 -0.92) (end 0.058 -0.058) (layer F.Fab) (width 0.1))
    (fp_line (start 0.058 -0.058) (end 0.92 -0.058) (layer F.Fab) (width 0.1))
    (fp_line (start 0.92 -0.058) (end 0.92 0.058) (layer F.Fab) (width 0.1))
    (fp_line (start 0.92 0.058) (end 0.058 0.058) (layer F.Fab) (width 0.1))
    (fp_line (start 0.058 0.058) (end 0.058 0.92) (layer F.Fab) (width 0.1))
    (fp_line (start 0.058 0.92) (end -0.058 0.92) (layer F.Fab) (width 0.1))
    (fp_line (start -0.058 0.92) (end -0.058 0.058) (layer F.Fab) (width 0.1))
    (fp_line (start -0.058 0.058) (end -0.92 0.058) (layer F.Fab) (width 0.1))
    (fp_line (start -0.92 0.058) (end -0.92 -0.058) (layer F.Fab) (width 0.1))
    (fp_line (start -2.62 -2.62) (end 2.62 -2.62) (layer F.SilkS) (width 0.12))
    (fp_line (start -2.62 2.62) (end 2.62 2.62) (layer F.SilkS) (width 0.12))
    (fp_line (start -2.62 -2.62) (end -2.62 -1.24) (layer F.SilkS) (width 0.12))
    (fp_line (start -2.62 1.24) (end -2.62 2.62) (layer F.SilkS) (width 0.12))
    (fp_line (start 2.62 -2.62) (end 2.62 -2.039) (layer F.SilkS) (width 0.12))
    (fp_line (start 2.62 -0.26) (end 2.62 0.26) (layer F.SilkS) (width 0.12))
    (fp_line (start 2.62 2.04) (end 2.62 2.62) (layer F.SilkS) (width 0.12))
    (fp_line (start -3.25 -2.75) (end -3.25 2.75) (layer F.CrtYd) (width 0.05))
    (fp_line (start -3.25 2.75) (end 3.25 2.75) (layer F.CrtYd) (width 0.05))
    (fp_line (start 3.25 2.75) (end 3.25 -2.75) (layer F.CrtYd) (width 0.05))
    (fp_line (start 3.25 -2.75) (end -3.25 -2.75) (layer F.CrtYd) (width 0.05))
    (fp_text user %R (at 0 -2) (layer F.Fab)
      (effects (font (size 0.68 0.68) (thickness 0.15)))
    )
    (pad 1 smd rect (at 2 -1.15) (size 2 1.3) (layers F.Cu F.Paste F.Mask)
      (net 5 "Net-(R2-Pad2)"))
    (pad 2 smd rect (at -2 0) (size 2 2) (layers F.Cu F.Paste F.Mask)
      (net 2 "Net-(RV1-Pad2)"))
    (pad 3 smd rect (at 2 1.15) (size 2 1.3) (layers F.Cu F.Paste F.Mask)
      (net 6 "Net-(R3-Pad1)"))
    (model ${KISYS3DMOD}/Potentiometer_SMD.3dshapes/Potentiometer_Vishay_TS53YJ_Vertical.wrl
      (at (xyz 0 0 0))
      (scale (xyz 1 1 1))
      (rotate (xyz 0 0 0))
    )
  )

  (module Resistor_SMD:R_0603_1608Metric (layer F.Cu) (tedit 5B301BBD) (tstamp 5F693DDA)
    (at 155.834 101.996 90)
    (descr "Resistor SMD 0603 (1608 Metric), square (rectangular) end terminal, IPC_7351 nominal, (Body size source: http://www.tortai-tech.com/upload/download/2011102023233369053.pdf), generated with kicad-footprint-generator")
    (tags resistor)
    (path /5F7004A5)
    (attr smd)
    (fp_text reference R1 (at 0 -1.43 90) (layer F.SilkS)
      (effects (font (size 1 1) (thickness 0.15)))
    )
    (fp_text value 10K (at 0 1.43 90) (layer F.Fab)
      (effects (font (size 1 1) (thickness 0.15)))
    )
    (fp_line (start -0.8 0.4) (end -0.8 -0.4) (layer F.Fab) (width 0.1))
    (fp_line (start -0.8 -0.4) (end 0.8 -0.4) (layer F.Fab) (width 0.1))
    (fp_line (start 0.8 -0.4) (end 0.8 0.4) (layer F.Fab) (width 0.1))
    (fp_line (start 0.8 0.4) (end -0.8 0.4) (layer F.Fab) (width 0.1))
    (fp_line (start -0.162779 -0.51) (end 0.162779 -0.51) (layer F.SilkS) (width 0.12))
    (fp_line (start -0.162779 0.51) (end 0.162779 0.51) (layer F.SilkS) (width 0.12))
    (fp_line (start -1.48 0.73) (end -1.48 -0.73) (layer F.CrtYd) (width 0.05))
    (fp_line (start -1.48 -0.73) (end 1.48 -0.73) (layer F.CrtYd) (width 0.05))
    (fp_line (start 1.48 -0.73) (end 1.48 0.73) (layer F.CrtYd) (width 0.05))
    (fp_line (start 1.48 0.73) (end -1.48 0.73) (layer F.CrtYd) (width 0.05))
    (fp_text user %R (at 0 0 90) (layer F.Fab)
      (effects (font (size 0.4 0.4) (thickness 0.06)))
    )
    (pad 1 smd roundrect (at -0.7875 0 90) (size 0.875 0.95) (layers F.Cu F.Paste F.Mask) (roundrect_rratio 0.25)
      (net 16 SENSOR_INPUT_A))
    (pad 2 smd roundrect (at 0.7875 0 90) (size 0.875 0.95) (layers F.Cu F.Paste F.Mask) (roundrect_rratio 0.25)
      (net 1 GND))
    (model ${KISYS3DMOD}/Resistor_SMD.3dshapes/R_0603_1608Metric.wrl
      (at (xyz 0 0 0))
      (scale (xyz 1 1 1))
      (rotate (xyz 0 0 0))
    )
  )

  (module Resistor_SMD:R_0603_1608Metric (layer F.Cu) (tedit 5B301BBD) (tstamp 5F6928A9)
    (at 155.834 98.746 270)
    (descr "Resistor SMD 0603 (1608 Metric), square (rectangular) end terminal, IPC_7351 nominal, (Body size source: http://www.tortai-tech.com/upload/download/2011102023233369053.pdf), generated with kicad-footprint-generator")
    (tags resistor)
    (path /5F6FEA34)
    (attr smd)
    (fp_text reference R3 (at 0 -1.43 270) (layer F.SilkS)
      (effects (font (size 1 1) (thickness 0.15)))
    )
    (fp_text value 10K (at 0 1.43 270) (layer F.Fab)
      (effects (font (size 1 1) (thickness 0.15)))
    )
    (fp_text user %R (at 0 0 270) (layer F.Fab)
      (effects (font (size 0.4 0.4) (thickness 0.06)))
    )
    (fp_line (start 1.48 0.73) (end -1.48 0.73) (layer F.CrtYd) (width 0.05))
    (fp_line (start 1.48 -0.73) (end 1.48 0.73) (layer F.CrtYd) (width 0.05))
    (fp_line (start -1.48 -0.73) (end 1.48 -0.73) (layer F.CrtYd) (width 0.05))
    (fp_line (start -1.48 0.73) (end -1.48 -0.73) (layer F.CrtYd) (width 0.05))
    (fp_line (start -0.162779 0.51) (end 0.162779 0.51) (layer F.SilkS) (width 0.12))
    (fp_line (start -0.162779 -0.51) (end 0.162779 -0.51) (layer F.SilkS) (width 0.12))
    (fp_line (start 0.8 0.4) (end -0.8 0.4) (layer F.Fab) (width 0.1))
    (fp_line (start 0.8 -0.4) (end 0.8 0.4) (layer F.Fab) (width 0.1))
    (fp_line (start -0.8 -0.4) (end 0.8 -0.4) (layer F.Fab) (width 0.1))
    (fp_line (start -0.8 0.4) (end -0.8 -0.4) (layer F.Fab) (width 0.1))
    (pad 2 smd roundrect (at 0.7875 0 270) (size 0.875 0.95) (layers F.Cu F.Paste F.Mask) (roundrect_rratio 0.25)
      (net 1 GND))
    (pad 1 smd roundrect (at -0.7875 0 270) (size 0.875 0.95) (layers F.Cu F.Paste F.Mask) (roundrect_rratio 0.25)
      (net 6 "Net-(R3-Pad1)"))
    (model ${KISYS3DMOD}/Resistor_SMD.3dshapes/R_0603_1608Metric.wrl
      (at (xyz 0 0 0))
      (scale (xyz 1 1 1))
      (rotate (xyz 0 0 0))
    )
  )

  (module Capacitor_SMD:C_0603_1608Metric (layer F.Cu) (tedit 5B301BBE) (tstamp 5F69295E)
    (at 149.584 102.246 180)
    (descr "Capacitor SMD 0603 (1608 Metric), square (rectangular) end terminal, IPC_7351 nominal, (Body size source: http://www.tortai-tech.com/upload/download/2011102023233369053.pdf), generated with kicad-footprint-generator")
    (tags capacitor)
    (path /5F62144A)
    (attr smd)
    (fp_text reference C2 (at 0 -1.43 180) (layer F.SilkS)
      (effects (font (size 1 1) (thickness 0.15)))
    )
    (fp_text value 100N (at 0 1.43 180) (layer F.Fab)
      (effects (font (size 1 1) (thickness 0.15)))
    )
    (fp_text user %R (at 0 0 180) (layer F.Fab)
      (effects (font (size 0.4 0.4) (thickness 0.06)))
    )
    (fp_line (start 1.48 0.73) (end -1.48 0.73) (layer F.CrtYd) (width 0.05))
    (fp_line (start 1.48 -0.73) (end 1.48 0.73) (layer F.CrtYd) (width 0.05))
    (fp_line (start -1.48 -0.73) (end 1.48 -0.73) (layer F.CrtYd) (width 0.05))
    (fp_line (start -1.48 0.73) (end -1.48 -0.73) (layer F.CrtYd) (width 0.05))
    (fp_line (start -0.162779 0.51) (end 0.162779 0.51) (layer F.SilkS) (width 0.12))
    (fp_line (start -0.162779 -0.51) (end 0.162779 -0.51) (layer F.SilkS) (width 0.12))
    (fp_line (start 0.8 0.4) (end -0.8 0.4) (layer F.Fab) (width 0.1))
    (fp_line (start 0.8 -0.4) (end 0.8 0.4) (layer F.Fab) (width 0.1))
    (fp_line (start -0.8 -0.4) (end 0.8 -0.4) (layer F.Fab) (width 0.1))
    (fp_line (start -0.8 0.4) (end -0.8 -0.4) (layer F.Fab) (width 0.1))
    (pad 2 smd roundrect (at 0.7875 0 180) (size 0.875 0.95) (layers F.Cu F.Paste F.Mask) (roundrect_rratio 0.25)
      (net 9 "Net-(C2-Pad2)"))
    (pad 1 smd roundrect (at -0.7875 0 180) (size 0.875 0.95) (layers F.Cu F.Paste F.Mask) (roundrect_rratio 0.25)
      (net 20 VOLTAGE_OUTPUT_A))
    (model ${KISYS3DMOD}/Capacitor_SMD.3dshapes/C_0603_1608Metric.wrl
      (at (xyz 0 0 0))
      (scale (xyz 1 1 1))
      (rotate (xyz 0 0 0))
    )
  )

  (module Capacitor_SMD:C_0603_1608Metric (layer F.Cu) (tedit 5B301BBE) (tstamp 5F69294E)
    (at 149.584 97.746 180)
    (descr "Capacitor SMD 0603 (1608 Metric), square (rectangular) end terminal, IPC_7351 nominal, (Body size source: http://www.tortai-tech.com/upload/download/2011102023233369053.pdf), generated with kicad-footprint-generator")
    (tags capacitor)
    (path /5F717555)
    (attr smd)
    (fp_text reference C1 (at 0 -1.43 180) (layer F.SilkS)
      (effects (font (size 1 1) (thickness 0.15)))
    )
    (fp_text value 100N (at 0 1.43 180) (layer F.Fab)
      (effects (font (size 1 1) (thickness 0.15)))
    )
    (fp_line (start -0.8 0.4) (end -0.8 -0.4) (layer F.Fab) (width 0.1))
    (fp_line (start -0.8 -0.4) (end 0.8 -0.4) (layer F.Fab) (width 0.1))
    (fp_line (start 0.8 -0.4) (end 0.8 0.4) (layer F.Fab) (width 0.1))
    (fp_line (start 0.8 0.4) (end -0.8 0.4) (layer F.Fab) (width 0.1))
    (fp_line (start -0.162779 -0.51) (end 0.162779 -0.51) (layer F.SilkS) (width 0.12))
    (fp_line (start -0.162779 0.51) (end 0.162779 0.51) (layer F.SilkS) (width 0.12))
    (fp_line (start -1.48 0.73) (end -1.48 -0.73) (layer F.CrtYd) (width 0.05))
    (fp_line (start -1.48 -0.73) (end 1.48 -0.73) (layer F.CrtYd) (width 0.05))
    (fp_line (start 1.48 -0.73) (end 1.48 0.73) (layer F.CrtYd) (width 0.05))
    (fp_line (start 1.48 0.73) (end -1.48 0.73) (layer F.CrtYd) (width 0.05))
    (fp_text user %R (at 0 0 180) (layer F.Fab)
      (effects (font (size 0.4 0.4) (thickness 0.06)))
    )
    (pad 1 smd roundrect (at -0.7875 0 180) (size 0.875 0.95) (layers F.Cu F.Paste F.Mask) (roundrect_rratio 0.25)
      (net 4 VCC))
    (pad 2 smd roundrect (at 0.7875 0 180) (size 0.875 0.95) (layers F.Cu F.Paste F.Mask) (roundrect_rratio 0.25)
      (net 1 GND))
    (model ${KISYS3DMOD}/Capacitor_SMD.3dshapes/C_0603_1608Metric.wrl
      (at (xyz 0 0 0))
      (scale (xyz 1 1 1))
      (rotate (xyz 0 0 0))
    )
  )

  (module Resistor_SMD:R_0603_1608Metric (layer F.Cu) (tedit 5B301BBD) (tstamp 5F6928C9)
    (at 149.584 100.746)
